113.776
95.3776
2.62245
16.8163
65.7296
37.1939
0.872449
12.5612
27.1684
8.64796
0.357143
4.7551
5.15816
1.7449
2.29082
0.428571
13.051
8.20918
9.96429
0.316327
22.1633
17.6786
13.0918
1.01531
21.6531
18.5153
7.2449
0.923469
64.2041
31.1224
1
11.0816
56.2704
20.6071
0.668367
14.5867
33.75
12.9337
2.73469
9.03061
10.0153
13.8112
15.5765
1.2602
13.4439
25.6735
32.0255
0.408163
14.4643
29.4949
25.4541
0.739796
10.898
22.8673
9.71939
1.06633
40.4439
17.7704
0.918367
6.90816
47.8776
24.3776
3.52041
14.4796
35.8061
34.9643
14.5663
12.9796
15.1122
42.301
39.0408
3.02551
10.8724
41.7857
41.7296
0.653061
6.26531
29.9133
20.4082
0.556122
5.10714
16.6684
6
0.704082
25.5714
19.7908
5.64796
3.18367
34.3827
32.352
17.5051
6.42347
28.5459
41.2449
31.4082
5.19898
13.8571
35.7755
34.5102
1.55102
5.01531
20.5969
16.5969
0.219388
1.20408
8.35714
4.2449
0.183673
0.72449
3.56633
0.892857
0.0918367
48.2041
38.7449
15.0102
1.38776
38.3673
31.9643
23.949
1.53571
25.5816
23.8163
23.2449
0.897959
7.7398
9.90306
9.97449
0.270408
1.03061
2.81122
2.03061
0.0459184
0.0816327
2.2551
0.959184
0
1.78571
7.35714
1.9898
0.489796
75.0561
40.3929
8.13265
8.2551
44.0867
28.7041
7.87245
10.398
21.8061
24.5714
4.67347
7.70408
4.64796
20.2959
1.65816
2.64286
1.23469
21.0255
2.48469
0.683673
1.71939
26.301
5.68367
0.27551
14.8316
51.3367
9.64796
3.17347
52.2347
58.0357
0.44898
18.25
29.4082
89.1276
0.484694
27.4286
17.5663
138.944
1.08163
24.3571
6.02041
167.306
4.10204
11.8163
4.78061
169.418
9.83163
4.2449
8.15306
156.714
16.0255
1.91327
58.5153
179.964
27.0051
6.54592
