0
0
0
0
0.290816
0.321429
0.0714286
0
5.46939
4.39286
3.38265
0
31.9439
23.8367
20.6786
0.367347
58.7092
57.898
36.551
1.58673
49.8418
62.5255
22.8469
1.45918
36.5714
41.1633
8.65816
0.739796
0.239796
1.05102
0.372449
0
3.78571
9.10204
5.47959
0
14.9541
29.3061
26.3214
0
24.8418
42.6837
46.8214
0
18.1939
34.8265
31.051
0
7.45408
16.4745
9.64286
0
3.16327
6.26531
2.40306
0.0969388
10.148
36.0051
12.9745
0.19898
15.949
49.9337
31.9235
0.0714286
19.6735
53.5816
46.9541
0.0255102
12.1939
31.6786
28.3163
0.00510204
3.4898
10.551
7.38776
0
0.428571
2.18367
0.908163
0
0.244898
0.260204
0.0561224
0
43.2959
105.98
22.1071
11.2704
29.4694
59.4694
25.0459
12.0459
13.9388
39.1327
16.051
8.58163
2.39286
9.91327
3.22959
2.28061
0.270408
0.785714
0.147959
0.153061
0
0
0
0
0
0
0
0
25.1122
83.0102
4.09694
17.3724
12.9541
68.4133
2.09694
27.8214
8.27041
75.1888
1.55102
37.2347
3.15306
50.5408
0.44898
29.1633
1.43367
22.1786
0.112245
13.0102
0.489796
5.7449
0.00510204
2.81122
0.204082
0.80102
0
0.107143
1.84694
12.199
0.0969388
2.31633
1.66837
22.3724
0.158163
8.16837
3.79592
43.2347
0.357143
22.0612
6.27551
62.0918
0.596939
39.5153
7.69388
62.7143
0.433673
40.2092
7.18878
45.1531
0.188776
24.5612
6.18878
26.199
0.0102041
10.551
0.142857
0.571429
0
0.0204082
0.107143
1
0
0.178571
1.11224
4.45918
0
1.76531
4.65306
18.0459
0.0612245
9.18878
16.2092
47.6378
0.229592
25.0765
25.8776
88.9592
0.168367
41.2398
78.9745
182.546
2.7449
57.4898
