22.8061
45.3112
1.98469
4.41837
20.5102
63.801
2.2551
11.9031
20.2245
101.209
2.58163
27.2092
17.5204
106.99
2.27551
33.7449
13.4847
68.5357
1.51531
19.5663
7.16837
31.3673
0.709184
6.95918
4.86735
16.3112
0.25
3.06122
59.5765
43.4184
6.56122
5.12755
28.3469
20.8776
5.28061
2.68878
9.40816
13.5255
2.53061
2.52551
5.14796
19.0306
1.87755
4.71939
4.22449
21.4388
1.53571
4.89286
2.79592
15.0765
0.75
2.4898
2.32143
9.11224
0.357143
1.43367
105.704
38.4898
9.55612
5.95408
41.5255
30.2296
7.77041
3.77041
11.5
40.602
7.79592
1.46939
4.04592
55.0153
6.93367
1.21939
0.903061
59.5918
3.2449
3.2398
0.816327
44.4847
0.637755
7.43878
3.42857
25.301
0.178571
8.02041
85.9337
59.852
8.28061
8.91327
22.2092
72.3112
15.4745
5.91327
5.84694
93.6837
19.6888
2.13776
2.28571
104.52
13.7551
3.11224
0.892857
106.372
4.81122
8.04592
6.79082
91.5102
1.57653
21.449
45.949
69.8724
1.63265
34.1888
32.352
60.5051
6.08163
5.77551
4.84694
43.7347
12.5
2.2449
1.42857
35.4745
10.3622
0.928571
0.806122
28.25
4.96939
1.16837
1.80102
28.9847
2.56633
3.02551
16.0714
37.801
6.69388
10.5153
112.077
50.4235
17.0102
25.2959
6.52551
24.4082
1.44388
2.15306
1.52041
11.7296
2.14796
1.72449
0.673469
7.88265
1.87755
0.984694
0.928571
12.1531
4.94898
0.265306
4
24.2551
15.2602
0.117347
16.7653
39.4184
28.6735
0.673469
80.0306
49.7857
38.9694
3.22449
14.0255
45.5714
1.2602
4.73469
8.65306
63.8265
4.40306
5.71939
9.18878
98.6684
13.6837
4.42857
11.0255
119.107
30.6327
2.37755
12.1837
111.036
45.3724
0.744898
16.7245
76.3878
42.3163
0.163265
26.5816
47.4082
27.3776
0
