7.18878
15.4694
1.13265
1.46429
32.8571
36.6122
3.62755
9.04592
73.9235
58.9337
6.81633
25.3469
50.75
64.2806
8.46939
20.8367
18.0714
76.9643
13.4184
5.01531
16.7551
67.8571
10.6122
2.07143
14.4337
33.7551
3.22959
1.27551
13.8265
61.0459
7.86735
1.32143
11.8061
75.25
15.1224
2.48469
21.4031
72.0306
15.8878
8.60714
31.3367
50.3673
9.92857
15.4694
30.2398
58.2092
12.6633
9.93878
16.0867
56.9031
10.4949
2.9949
15.2551
45.3163
6.2398
1.91327
15.1735
70.6429
8.02041
1.62245
4.88265
63.0153
12.0918
0.897959
9.65306
56.5051
10.6378
4.92857
37.9745
41.8571
8.38776
17.352
40.5867
40.7908
8.14796
17.3827
19.2602
58.25
12.852
6.47449
26.1071
84.9286
18.4643
3.18367
5.67347
37.8827
4.44898
1.29082
3.29592
65.5561
11.852
0.918367
4.32143
88.2959
20.7041
1.02551
17.2398
82.7347
20.8622
6.18367
25.7704
62.4388
11.4898
17.9847
27.0867
61.8214
11.1939
17.9796
28.3929
79.0765
14.898
10.0612
5.58163
47.3724
5.04592
2.08163
3.18878
64.5714
11.4745
1.53061
1.09184
67.7347
14.8316
0.484694
2.4898
50.0714
10.148
2.46429
13.4541
38.6939
5.43878
15.9337
24.2908
48.7296
4.05102
28.5612
29.2602
77.75
4.7398
27.3622
13.4031
77.2092
2.43878
19.2449
4.91837
35.2143
1.63776
15.2398
1.36224
18.4847
0.897959
6.85714
0.785714
9.20408
0.846939
2.31633
3.7398
12.7449
1.90816
3.78061
7.42857
27.6531
2.28571
8.76531
13.8214
55.3878
3.60204
12.4439
15.3878
77.8163
1.5102
31.6531
9.19898
98.5969
1.37245
48.0867
4.90306
142.52
1.34184
44.0102
5.13776
159.944
2.51531
27.301
7.97449
136.332
4.53571
12.4235
8.61735
92.2755
4.7602
5.61224
12.949
66.3163
7.16837
2.90306
