2.31122
17.7653
1.91837
0.352041
19.398
28.102
5.18367
1.93878
94.6633
41.2653
11.949
13.6327
69.2959
41.8724
14.8622
11.6224
13.7551
27.1837
9.05612
2.80102
28.5969
18.9082
2.79592
15.4541
42.9133
37.9898
1.17857
33.4184
9.27041
88.0714
12.0714
2.36224
10.4694
86.0969
15.0969
2.9898
54.7704
53.1633
18.4439
9.90816
46.3367
48.2143
22.2449
8.59184
11.0765
34.5
11.7296
2.20408
11.5306
13.1786
1.88776
8.35204
35.301
38.9337
1.90306
32.9133
8.29592
81.551
11.5969
2.64796
12.051
59.2245
10.2092
2.56633
78.1378
33.7245
10.4949
9.46939
65.0408
30.0612
12.4694
6.76531
5.69898
40.6071
7.39796
3.47959
5.44388
28.8112
2.08163
9.64286
24.6735
36.2092
2.04082
29.6276
2.06633
17.2092
5.97449
0.454082
12.0918
27.7653
15.7653
0.683673
64.2194
33.301
23.9745
6.33163
49.7092
63.0051
25.398
8.81633
6.81633
94.9847
14.8214
13.9184
11.4745
63.3622
3.42857
31.0204
33.8316
39.6429
2.20408
35.1888
24.5561
31.2194
28.9949
0.668367
19.6378
51.9337
42.5918
1.22449
59.6429
40.6276
29.2857
5.89286
58.199
29.5306
18.4949
4.08163
11.1224
34.5714
6.46429
8.44388
37.2194
26.0357
3.42857
25.6633
86.8265
24.852
8.02041
28.6276
79.2347
40.4949
28.4388
12.25
42.1684
34.6071
24.6378
8.77041
87.1276
17.4643
16.4388
4.15306
70.0714
3.2602
7.45408
1.72449
13.0255
2.93367
3.65306
1.30612
47.801
6.16837
17.7245
4.46939
100.061
15.7347
26.7755
6.19388
70.6786
74.5612
5.71429
38.4337
38.8367
115.398
14.699
33.4235
71.8265
81.2296
30.9643
9.91837
55.8571
18.3316
15.1633
2.38265
29.3265
33.6071
19.4643
6.07143
49.949
51.6276
55.0612
4.16837
51.8265
33.8061
42.4592
0.489796
