4.25
30.4898
1.86224
0.734694
25.0204
27.1531
5.67347
1.7551
82.9184
39.4082
13.5
6.69388
79.1224
55.9541
16.0918
7.60714
31.5408
54.7551
12.0408
3.52041
12.0918
40.6122
5.85204
1.78061
8.77551
23.1224
2.34694
1.30612
13.6939
126.015
9.41837
4.10714
17.5
81.5153
13.4388
3.80102
38.1224
49.7704
21.0663
5.09184
27.5816
60.5357
20.9184
4.36224
9.18878
77.0204
14.6786
2.02041
6.29592
57.0612
7.84184
1.05612
8.17857
30.9286
3.20408
1.10714
15.6684
99.4082
9.11224
3.55612
38.5867
60.8724
13.7959
3.69388
59.1786
35.0969
21.0408
4.2449
24.898
34.3878
14.9592
1.08163
2.44898
39.9745
6.10204
0.658163
0.806122
31.2857
2.03061
1.70408
1.39286
17.4082
0.908163
2.19898
15.7194
15.7551
3.64796
0.897959
50.0816
23.1378
12.3367
3.12755
56.0204
49.2653
20.5459
6.10714
16.8776
81.8367
19.6786
2.83163
1.25
100.459
10.9541
3.33673
1.97449
92.6786
2.95408
14.0357
20.3878
63.1071
1.20408
28.8316
13.3163
17.0561
3.83163
1.53061
24.9031
33.5204
10.2245
4.21939
16.7704
61.2449
17.9337
5.15306
3.89286
72.6327
17.6735
2.08673
0.607143
71.5612
8.33163
2.81633
7.02551
70.1071
5.70918
13.2704
93.1888
71.6122
13.9388
39.852
4.54082
10.2398
1.07653
1.17347
4.60204
15.7194
3.4949
1.47959
2.5051
16.1327
5.05612
0.989796
0.719388
12.7092
5.13265
0.22449
1.13265
17.4949
11.1071
0.142857
9.83673
31.9592
28.0969
1.47449
91.0204
52.898
48.7908
7.81122
4.29592
13.0714
1.40816
1.83673
7.34184
32.1939
4.04592
4.73469
8.29592
69.0714
9.33163
5.43367
8.30102
104.117
25.5867
3.85204
8.58673
110.663
51.449
1.31122
12.1378
82.2857
61.6888
0.122449
26.75
52.7653
45.8418
0.0714286
