51.8316
15.0153
1.28061
9.12755
75.102
15.1429
2.69388
11.8469
37.4133
9.13265
4.44898
3.95408
86.5357
17.3724
17.5561
5.61735
87.8316
37.3622
17.5561
9.80102
13.699
26.7704
3.17857
8.61735
3.03061
5.81633
0.19898
4.66837
44.1888
7.53571
1.64286
9.84694
77.148
15.1429
7.20408
15.1786
37.3316
35.8878
22.2755
6.56633
48.6939
42.1633
38.9031
5.55612
35.7704
70.4949
23.4133
13.7194
14.5051
62.199
4.42347
35.25
22.3622
20.2653
1.15306
32.3418
34.75
9.34184
15.5255
5.72959
62.5459
24.8724
26.398
12.4388
48.3673
42.449
36.4286
9.39796
64.8469
29.3316
39.7806
4.62245
25.3622
27.0204
16.4439
5.41837
26.8061
27.3673
2.67857
28.0561
90.699
15.9388
2.42857
47.6684
56.8469
21.8418
48.0561
1.83673
56.1327
24.5714
31.6327
12.449
73.301
19.1684
25.8724
14.5357
70.1531
7.97959
32.3112
2.79082
17.3929
14.0714
11.6888
1.63265
26.6276
21.7551
6.33163
9.14286
147.592
9.61735
8.84184
21.6327
123.673
23.3112
44.4643
3.97959
56.551
14.9745
20.0918
11.2194
75.8061
13.9592
23.5357
13.199
62.7347
7.69388
22.801
6.32143
38.2092
31.6735
26.3418
4.36735
29.8622
57.648
17.8316
15.6173
122.311
29.648
19.9592
22.8878
151.959
27.8673
19.4388
18.8061
52.5153
17.7194
28.5204
6.02041
63.8367
16.7908
26.7245
8.43367
66.5816
10.5051
11.1888
12.602
82.1582
19.5255
19.5306
13.6327
53.8112
37.0357
26.3929
14.7602
96.7296
40.0408
21.3265
32.75
119.526
95.3163
14.2398
46.8878
51.0357
74.0714
44.9541
8.5102
47.6429
26.2806
23.8418
5.5
54.1173
14.6735
2.88776
15.6582
75.5204
49.5459
10.398
31.75
56.5
72.6939
37.4745
15.8724
100.102
58.051
26.1276
25.2704
