0.377551
0.0459184
0.0255102
0
6.31633
1.04592
1.51531
0
49.7449
7.52551
19.0255
1.2449
96.4745
16.0969
43.398
4.32653
41.6276
9.86224
23.102
2.82653
5.15306
2.58163
3.81633
0.357143
0.658163
0.489796
0.290816
0.0204082
1.07653
0.265306
0.147959
0
14.4745
2.64796
6.16327
0.0408163
56.5153
6.29082
34.9847
0.107143
47.5
5.15306
38.4847
0.107143
7.04592
1.35204
8.60204
0.0612245
0.27551
0.173469
0.571429
0.0204082
2.15816
0.617347
0.561224
0.0408163
4.82143
1.63265
1.18878
0
35.4133
7.92347
17.3622
0.423469
65.0612
16.6582
43.9694
2.25
25.3316
19.5714
21.0204
5.43367
3.87245
6.79592
1.59694
4.39796
1.07653
0.234694
0.173469
0.403061
6.84184
1.86735
2.4898
0.270408
18.301
7.28571
7.2551
0.0255102
49.3265
16.4286
31.1173
1.66837
39.2959
39.1327
39.2551
8.57143
26.8622
48.6786
17.0153
23.0357
27.6327
11.3622
1.20918
17.7653
6.69898
1.01531
1.41327
1.66837
24.6684
12.1888
14.3061
0.969388
48.5306
22.5714
21.7449
0.0918367
38.6684
19.5
35.0051
1.5102
21.3776
30.6684
32.449
6.13776
47.1429
22.1786
8.77041
26.3878
62.8571
7.70408
2.41327
27.1378
18
8.53571
10.7908
5.4898
48.3469
31.1173
49.0102
1.7398
86.9337
34.0306
29.4898
0.545918
40.7653
13.0051
25.7806
0.122449
12.5153
6.42347
9.35204
1.60714
38.1071
3.20408
1.19898
16.6837
64.7959
14.2092
3.43367
31.551
30.6684
28.2704
23.9949
10.9133
51.8112
34.5102
59.0153
1.31633
155.735
109.367
28.7194
6.25
45.5663
14.7551
13.2755
0.00510204
3.69388
0.846939
0.928571
0.295918
20.7245
4.03571
0.173469
9.21939
52.5255
41.7449
4.68367
28.3622
40.8673
73.3418
25.7551
14.0867
44.199
42.1429
34.2602
0.867347
