1.06633
1.08163
0.122449
0.137755
15.602
6.67857
0.372449
2.19388
79.5
26.6888
3.39796
11.699
105.913
44.2041
8.90306
14.9082
32.75
47.4898
6.65816
5.68367
3.2602
45.352
4.80612
1.9898
8.29082
48.9031
5.15306
2.79592
0.306122
1.2398
0.122449
0.0153061
5.37755
2.60714
0.19898
0.857143
47.1276
10.551
1.96939
7.36224
71.6837
37.4031
7.80612
13.5867
23.9082
90.2602
11.2143
6.80102
2.5051
102.73
10.3316
3.71939
13.3265
103.378
10.6633
5.41837
0.0918367
1.46429
0.19898
0.0204082
2.13776
2.90306
0.112245
0.367347
34.2959
8.0102
0.811224
4.94388
83.8265
20.8571
4.77041
14.0051
43.6173
38.2959
5.7602
7.67347
3.93367
38.4949
3.34184
1.55612
3.34184
37.852
3.45408
1.60714
6.41837
36.2245
9.15816
0.443878
1.02551
52.6684
6.65306
1.68367
20.6327
54.5255
4.64796
5.46939
70.1224
31.5816
5.18878
13.9949
53.5459
21.4847
1.84694
14.2143
8.58673
14.0969
0.214286
5.11224
0.734694
6.56122
0.0510204
1.68367
60.1888
80.5255
27.9949
4.30102
9.54592
94.3367
16.8673
3.7398
12.551
94.0357
6.68878
9.88776
42.2755
49.449
6.84694
15.4592
38.6378
44.6633
4.56633
20.0102
11.7755
53.1735
1.08673
23.4337
9.53571
42.5051
0.47449
18.3214
112.934
55.6327
13.4847
20.8469
23.6173
36.9082
6.92857
10.7296
19.8622
33.7551
5.18367
5.9949
59.7602
23.6786
11.3418
7.12755
47.0561
30.7398
8.36224
10.4847
16.5867
49.1531
1.81633
24.2398
33.8316
66.4439
1.53061
33.6327
78.0459
74.0153
1.33673
44
28.2551
131.52
3.12755
40.352
23.6378
152.005
21.1122
14.0714
58.6939
88.4337
36.5765
3.18367
49.3163
32.9439
17.3469
3.18878
16.8112
21.9949
2.13776
9.22959
37.0663
49.4541
1.73469
18.8878
