13.9133
9.07143
0.19898
3.5102
21.8878
8.59694
0.55102
6.4949
27.7143
6.27041
1.12245
7.7398
82.3827
18.5663
7.12245
23.6531
77.0204
22.0408
12.5612
18.6939
20.9694
24.8878
8.84184
3.43367
21.6582
29.5816
3.90306
7.16327
26.9949
13.852
0.397959
10.5
44.9949
11.8316
1.28061
18.0663
29.6684
8.93878
4.31633
8.83163
39.9898
19.6173
14.6378
9.73469
43.75
43.5102
23.8061
9.90306
11.8929
67.6327
15.9388
4.98469
45.1684
66.7296
8.08673
24.7194
25.5306
15.1888
3.28061
10.949
56.5357
19.6582
5.5
23.8163
37.9796
36.8827
20.8724
13.1224
21.4439
58.051
40.3367
3.78061
21.2143
64.7041
30.8878
4.2551
9.23469
69.551
16.7602
5.08673
101.985
65.0714
25.9388
31.9133
17.5051
62.7959
24.949
5.11735
36.551
47.9847
22.9286
14.7092
43.8776
42.4337
27.0408
17.0153
22.3214
38.5561
27.0051
5.94388
14.6735
28.1786
12.699
2.78571
9.93367
31.7143
21.1939
1.78061
91.7908
38.1582
62.5051
7.42347
14.9388
97.5816
40.1531
3.34694
17.1888
44.3622
22.9133
11.9745
56.2296
19.199
6.7449
40.0612
36.4337
9.35204
3.5
23.0204
9.47959
25.0051
7.36735
4.02551
7.93878
51.7959
27.6276
1.79082
21.051
41.9745
48.1684
0.316327
7.32143
29.5612
14.102
1.55612
6.67857
6.55612
4.97959
4.64286
41.5408
5.66837
1.44388
33.2857
52.6633
8.36224
2.10714
48.1429
12.7347
14.0408
3.32653
14.6837
2.10204
18.4337
6.45408
2.04082
0.729592
9.69898
5.30612
0.193878
3.71429
3.44388
2.62755
0.214286
1.64796
0.127551
0.438776
0.653061
24.2347
2.83163
0.520408
15.2296
71.5663
17.9082
2.40816
58.3418
53.2143
25.2092
2.88265
49.8469
10.0816
10.9184
0.954082
10.7806
1.81122
4.33163
0.244898
2.10204
