65.801
140.138
5.05102
6.36735
24.2092
143.582
4.69898
6.76531
16.6224
152.408
3.11735
8.05612
14.8112
142.679
1.41837
9.69388
16.2347
119.816
1.52551
11.5459
19.5714
80.6939
1.57653
9.2602
23.0204
41.9745
1.26531
5.51531
8.45408
35.4337
1.10204
1.91837
2.80612
34.3163
1.39796
2.20408
2.67347
38.7092
0.892857
3.72449
3.7449
43.9388
0.622449
5.67347
5.76531
46.0204
0.994898
7.9949
8.54082
38.9541
1.11224
7.06633
11.75
29.6224
1.7449
4.43367
0.367347
2.48469
0.117347
0.0510204
0.127551
2.63776
0.229592
0.168367
0.178571
4.31122
0.346939
0.510204
0.770408
7.09694
0.438776
1.32653
1.54082
9.76531
0.5
1.94898
2.02551
10.4898
0.459184
1.66837
3.34694
9.32143
0.75
1.04082
3.40306
12.7653
0.540816
1.19898
1.12755
4.91327
0.331633
1.16837
0.505102
1.46939
0.168367
0.387755
0.183673
0.765306
0.127551
0.0765306
0.0816327
0.790816
0.0918367
0.117347
0.0867347
1.28571
0.132653
0.147959
0.413265
2.08163
0.438776
0.0561224
21.9184
57.5918
1.15816
11.0561
7.88265
25.4031
0.204082
9.78571
3.46939
12.9286
0.0357143
4.35204
1.06633
5.15816
0.0510204
1.37755
0.392857
2.95918
0.27551
0.341837
0.69898
4.80612
1.03061
0.0765306
4.39286
13.5867
2.46429
0.52551
36.9235
61.199
0.607143
16.5663
20
46.8214
0.178571
18.2041
12.25
44.7143
0.147959
12.3367
7.38776
41.9949
0.479592
5.32143
5.12755
40.7959
1.60204
1.88265
6.07143
39.8776
3.92857
0.867347
29.0918
58.7959
7.03061
2.34694
33.3469
41.8673
0.459184
9.31633
30.5102
73.9847
0.168367
15.8673
24.5
114.163
0.556122
15.5765
14.7959
141.536
1.65306
10.3418
9.9898
150.745
4.2398
5.66837
12.2806
143.908
7.66837
3.41837
88.3061
166.714
17.1888
4.21939
