0.790816
1.31633
0.137755
0.102041
24.5867
4.9898
2.20918
1.0102
86.7449
18.602
9.27551
4.12245
65.2194
17.4388
8.52551
3.23469
29.551
7.56633
2.29592
5.2602
61.1582
16.1939
1.65816
25.6837
47.8724
17.8112
0.846939
30.2347
4.34694
30.3673
3.67347
0.520408
23.5153
28.8827
10.0612
1.40816
64.1429
29.5663
17.4337
4.66327
39.9133
41.8316
10.1173
9.4949
17.5867
23.0918
2.40816
11.6582
37.6633
9.27041
1.07143
27.6888
63.4592
17.9082
0.688776
52.3929
17.0663
106.092
15.9898
2.85204
28.551
70.4541
22.9031
4.69388
45.1224
47.0255
27.1633
6.19898
32.7602
67.5204
13.3367
16.5255
53.1735
33.8214
3.15816
24.4796
37.8469
6.41327
0.821429
19.4592
75.4541
20.398
1.11735
56.0714
19.9592
72.0612
15.2704
2.83163
58.6173
34.1531
27.9388
3.67857
55.7653
18.7602
26.6582
2.08163
36.7143
17.7755
7.67347
6.95918
98.949
8.58163
6.37755
13.6531
45.8265
2.63776
3.10204
7.34184
54.0663
17.3673
1.80612
31.5663
30.699
21.0102
18.3673
0.505102
69.8061
13.5612
36.1276
0.80102
38.9745
4.12755
15.8724
0.321429
40.8112
1.03571
8.68367
0.459184
102.74
1.36735
18.1939
1.48469
38.6429
0.908163
5.72959
1.2602
21.9082
7.9898
1.2602
8.35204
47.4133
34.2806
28.5663
0.933673
51.6582
14.0918
25.2755
2.55612
25.6378
6.30612
7.81122
3.29592
50.9439
5.21939
23.0408
0.918367
80.9337
2.43367
28.7908
0.107143
21.0918
0.882653
5.16837
0.142857
6.18367
2.56633
0.576531
1.32653
48.5051
46.301
19.0663
2.60714
37.7092
25.5153
10.5357
8.4949
44.4439
58.9439
17.6939
20.1735
68.5918
65.7143
53.5408
10.6837
55.6531
16.1122
34.2296
0.617347
8.36224
0.954082
3.31633
0.0102041
3.35714
0.55102
0.0969388
0.52551
