3.62755
22.6684
0.617347
1.37245
11.9694
31.9286
1.91327
2.86224
69.4949
46.2704
7.09694
7.83163
96.5867
48.0969
11.2041
11.2653
42.0153
30.7092
6.66837
5.44388
10.3929
13.0408
2.29592
1.54592
2.7398
4.90816
0.653061
0.30102
11.7704
86.2449
5
3.98469
8.54082
92.3571
5.95408
5.67857
33.7755
66.9286
11.4694
8
42.8112
54.2704
14.1276
9.70918
20.3112
68
8.87245
8.57143
8.41837
40.2959
3.14796
4.46429
4.06633
14.6582
0.806122
1.5102
9.10714
72.0204
4.07143
2.94388
13.6888
58.051
4.80612
3.61735
59.2092
38.5765
9.91327
6.15816
56.3878
37.4949
13.5918
4.68878
13.6224
47.7449
6.78571
3.73469
5.68367
31.3776
2.30612
3.05102
8.58673
17.9898
1.47959
2.9949
11.9286
99.8418
3.51531
5.35714
16.3929
72.6939
7.46429
4.79592
53.0306
38.949
14.6071
5.32143
43.6786
55.1939
12.398
7.32143
10.199
69.7143
8.36224
3.2551
5.96429
43.6888
4.53061
2.04082
24.9541
29.1582
3.09694
4.78061
13.949
100.194
3.78571
5.58163
26.3776
78.2653
6.5102
6.78571
55.3776
40.4184
11.2908
8.21939
35.6224
51.102
12.352
4.85204
5.79082
59.2908
6.63265
2.26531
6.37755
36.3112
5.05102
1.22959
57.1735
36.2959
12.8316
5.53571
6.78571
12.1786
0.47449
0.785714
36.4337
13.949
1.47959
3.33163
76.7959
15.3929
2.84694
11.0357
50.8929
12.8214
2.41837
10.1224
6.2551
10.4694
4.25
1.87245
8.86735
17.0714
15.4541
0.117347
70.9694
46.8673
38.5765
2.90306
4.56122
2.64796
0.0510204
0.392857
25.0357
13.8827
0.265306
5.42857
52.8418
49.1735
0.642857
27.648
41.7398
113.811
4.89286
43.75
10.7857
154.153
25.1786
19.1071
14.9286
121.959
53.3418
2.38265
43.8571
89.3469
57.8265
1.15306
