3.36735
17.949
1.23469
1.2449
27.6939
31.1837
6.62755
2.7602
95.9796
48.4745
22.5255
7.23469
73.4286
68.9541
29.7959
6.48469
18.2194
63.5969
27.0867
1.92347
8.81122
28.602
12.3265
1.06633
1.97959
5.11735
1.19388
0.107143
7.82143
71.949
7.37755
4.64796
21.8112
84.3878
14.5714
6.7398
57.852
53.949
22.5612
8.93367
32.3776
72.0459
25.2908
4.69388
13.3929
74.1122
22.75
2.31633
13.8163
33.051
10.8673
2.55102
2.44898
7.20408
1.30612
0.795918
4.78061
48.7908
6.94388
2.41327
30.5255
40.6837
10.1173
4.22449
83.148
33.551
14.7755
9.78061
37.8418
54.2755
18.9949
5.77551
29.3673
60.8163
26.5255
6.96429
26.9847
58.0867
13.2347
20.7347
8.41327
30.4796
1.22959
24.4286
5.07143
14.2092
15.0153
0.0918367
25.3214
33.4643
31.7449
2.11224
57.5408
41.0663
26.0765
11.0408
44.7857
65.7245
32.0918
10.5306
48.7653
53.8622
41.1735
8.04592
24.1735
58.8265
15.6327
24.4694
64.5153
51.5612
2.13776
68.6837
42.9235
31.4337
50.1939
0.510204
25.051
42.3622
48.2755
2.83163
55.6837
32.9949
19.9694
15.9541
64.1173
26.7806
31.1378
14.0051
52.9643
12.7602
38.352
2.82143
13.5612
8.16327
7.66837
5.18878
148.832
17.4439
14.6173
37.5051
103.051
40.3163
38.6173
14.9541
28.7194
32.6429
26.0918
5.2602
41.7398
32.7092
28.9184
8.61224
50.9184
29.7755
28.1276
13.6684
32.4286
11.6224
16.2143
7.77551
10.7704
2.92857
10.6582
0.581633
136.801
12.7908
54.7092
3.95408
80.9898
93.4286
10.3929
47.4439
19.5969
115.48
34.801
16.3061
18.852
72.4337
47.1837
4.15306
30.8163
39.2653
19.5612
12.7755
29.8929
21.4898
9.46429
10.4694
43.602
26.6582
43.4286
2.11735
93.2959
35.5357
78.4694
1.21939
