0.811224
1.04082
0.0918367
0.137755
15.6939
17.8724
1.30102
7.82653
42.6122
70.2653
5.94898
41.7347
48.949
64.8367
11.5153
49.75
23.3776
14.5102
5.58673
14.3418
1.7602
0.617347
0.239796
0.392857
1.14286
0.142857
0.0510204
0.285714
0.770408
0.306122
0.0969388
0.0306122
1.18878
1.46939
0.581633
0.47449
14.8061
13.2704
11.4694
4.96429
35.5357
24.6378
26.2857
10.8571
18.25
8.30612
9.79082
5.81633
1.20918
0.535714
0.193878
0.285714
1.22959
0.341837
0.0153061
0.443878
3.06633
2.28061
0.617347
0.311224
3.88776
2.17347
1
1.15306
24.3265
18.2806
8.5
14.5459
28.1633
20.9592
12.2398
17.4031
7.59694
4.56633
3.41327
3.52551
4.90306
5.51531
0.367347
4.09184
7.65816
8.14796
0.362245
8.5051
30.3673
20.2959
7.16327
3.7551
10.8827
5.66327
2.97449
2.19388
22.5561
13.602
1.94388
20.8469
55.0255
17.2194
2.94898
44.8776
24.852
3.59694
0.693878
13.9694
16.1122
12.8673
0.892857
15.9847
42.398
24.8827
1.13265
46.3929
98.5816
30.8265
19.0714
11.4286
20.2908
7.7602
6.36735
3.41837
12.8316
4.19388
0.97449
7.73469
79.7551
5.64286
3.35204
28.0561
63.5051
2.91327
2.71939
17.9949
15.5663
5.65306
0.591837
13.0357
87.5408
26.199
2.75
63.5714
117.714
28.5867
20.1071
14.8776
24.0969
8.65816
5.93367
6.31122
16.8724
13.0255
3.59694
6.59694
82.199
10.9184
13.5561
7.88776
76.7398
2.05612
8.96429
5.96429
10.0408
0.72449
0.663265
2.70408
71.8163
20.9337
3.60714
28.0612
93.0663
48.199
14.1735
12.7143
32.6276
21.8776
4.56633
12.0612
44.5714
68.449
11.5918
25.602
74.6888
73.699
36.7347
12.1122
62.5051
15.4898
20.5714
1.18878
6.4949
0.47449
1.07143
0.316327
30.8316
11.0255
2.66327
5.04082
