1.84184
22.4184
2.23469
0.443878
12.75
29.4184
4.14796
1.42857
89.5051
41.551
10.2194
13.1327
97.898
42.648
13.6633
17.3214
25.6224
30.0306
10.8367
4.40816
8.78571
11.5
2.87245
2.90306
4.83163
5.09694
0.489796
4.29592
12.3469
121.719
13.1327
2.9949
4.70918
102.995
14.3571
1.42857
39.3316
73.2704
17.5561
8.08673
57.4898
47.5918
21.1735
10.2653
19.8265
39.4388
13.449
3.20408
12.8622
18.2602
3.97449
7.54592
15.8571
19.9133
0.969388
19.6684
11.9949
100.092
16.199
2.96939
5.65816
87.0663
17.3112
2.37245
51.2551
63.2398
16.3878
8.12755
78.7551
20.801
11.5306
7.27041
19.1327
10.1582
3.82653
1.97449
11.9235
14.3061
1.83673
11.9439
28.2449
42.9694
1.61735
38.8214
37.5102
41.7194
25.9541
2.06122
24.7296
67.2347
29.0867
3.72449
55.4541
55.2245
15.9949
11.8469
79.0357
10.2806
7.34694
8.52041
20.3214
0.846939
1.16327
1.9949
8.92857
8.26531
0.892857
8.51531
30.2143
42.5714
2.02041
31.8571
76.3724
40.1531
17.2296
15.4082
44.3776
47.2602
17.7653
13.7806
62.2857
32.6224
16.0459
8.90306
78.3163
5.89286
9.82653
5.89286
19.2398
0.469388
1.90306
1.36735
14.7653
4.21429
3.09184
3.57143
44.8571
23.2449
6.93878
14.0408
38.7806
36.449
2.72959
20.5204
25.3469
61.9337
7.80102
21.2551
52.7194
47.1939
15.2908
13.4388
70.4337
9.72449
9.87755
10.2602
17.3827
4.18878
5.66837
2.82143
23.199
8.7602
17.1939
1.5102
67.8418
19.9031
24.7092
7.94388
7.62755
14.0561
0.443878
6.05612
10.8367
31.6837
2.48469
9.10714
45.4082
43.4745
5.36735
26.6071
59.0051
89.852
8.07653
52.0561
18.898
144.01
30.301
22.9745
21
107.974
57.6531
2.29082
47.4898
61.602
52
2.63265
