8.77041
3.68367
3.17347
0.0561224
51.1429
25.2245
17.2857
0.938776
91.5255
65.1429
19.3418
13.9184
68.4847
40.1429
3.2602
22.6531
16.4388
4.30612
0.117347
5.84184
0.321429
0.0663265
0
0.0816327
0
0
0
0
21.2857
10.4388
12.4592
0.102041
53.7194
17.2347
31.7755
0.392857
47.551
31.3929
21.1939
10.7704
58.6888
23.4745
2.58163
34.6122
35.9745
5.7602
0.341837
19.3724
3.09184
0.357143
0.00510204
1.35204
0
0
0
0
45.8112
26.0255
29.602
0.489796
52.3622
11.7602
36.5051
0.0255102
26.1939
7.53571
12.7194
3.9898
45.5867
10.4286
1.04082
32.5255
57.7092
8.69898
0.52551
42.5255
14.2755
2.47959
0.0714286
9.52041
0.280612
0.0663265
0
0.193878
66.0102
41.4643
34.2143
0.943878
34.8316
5.95918
22.2398
0
7.62245
0.709184
3.5051
0.387755
16.5714
2.71429
0.183673
13.2755
56.1633
8.94388
0.765306
48.6378
38.1378
7.80102
0.341837
31.0969
4.98469
1.83673
0.0204082
3.25
66.6378
37.801
19.7194
0.892857
18.3929
2.84694
8.61735
0
1.64286
0.0663265
0.556122
0.0204082
2.69898
0.52551
0.0204082
2.14286
33.4796
5.4898
0.331633
26.9541
55.8776
13.801
0.479592
46.9235
25.3112
11.7449
0.0510204
17.0561
46.3112
23.8827
7.2602
0.964286
8.32143
1.40816
2.30102
0
0.188776
0
0.0663265
0
0.117347
0
0
0.0357143
10.6173
1.68878
0.0510204
7.2551
48.8469
12.051
0.117347
35.1378
66.1429
32.4796
0.102041
40.7551
24.551
18.0969
2.03571
0.459184
3.52551
0.959184
0.637755
0
0
0
0
0
0
0
0
0
1.42347
0.178571
0
0.714286
29.5459
9.84694
0.0204082
15.6582
166.061
94.7704
2.45918
65.352
