4.31122
5.12755
2.63776
0.0663265
13.8316
23.1786
14.2653
0.142857
31.5918
66.2602
29.7857
1.30102
49.7755
107.311
27.4439
5.21429
50.9235
122.429
11.6224
21.5357
42.6276
70.4898
0.831633
40.1122
23.1633
23.551
0.0816327
18.7653
21.7551
18.0102
17.5765
0.0255102
24.6173
35.2398
41.7245
0.112245
31.0204
39.7143
36.5969
2.20918
73.1327
24.9235
19.1786
5.60204
46.4184
22.2041
9.59694
9.18878
31.75
25.148
0.887755
37.949
69.0204
34.6071
0.193878
41.7908
73.5408
33.4235
35.5714
0.331633
32.3316
25.5561
36.5408
0.163265
38.9337
12.9643
18.9133
1.01531
93.5867
6.28571
21.9592
1.71939
39.852
2.52041
8.96939
1.30102
23.0204
5.96429
0.47449
12.2653
133.515
25.1939
0.780612
36.1224
131.444
35.3163
26.9694
4.96429
29.5663
12.1224
12.8929
1.28571
50.1582
8.35714
20.9643
0.357143
82.4031
5.2602
27.7704
0.433673
20.7398
0.836735
5.77551
0.168367
15.7959
2.08673
0.903061
1.69388
170.464
11.25
6.98469
13.0663
131.087
41.0255
8.94898
21.7653
26.5561
29.4133
13.801
7.09694
51.6327
19.3622
36.102
0.341837
52.0357
5.17347
23.0816
0.0969388
7.71939
0.316327
2.38776
0.00510204
19.6684
3.63776
5.80612
0.22449
155.495
17.5561
23.9133
2.43367
74.6684
47.3112
2.53061
26.7143
21.648
52.801
16.9847
11.0561
33.2398
25.5765
29.5867
0.617347
23.801
3.62755
11.3673
0.0408163
5.31122
0.94898
4.09694
0
32.4592
7
21.449
0.0816327
109.536
27.8878
35.4949
0.479592
31.8878
37.8418
1.27551
14.8214
16.5204
50.7551
9.5051
8.43367
19.898
26.0459
13.6173
1
12.6582
6.36224
5.43367
0.147959
26.9745
16.949
19.8214
0.877551
64.852
33.648
47.9031
1.38265
81.9031
39.2041
32.9133
0.765306
