24.7755
79.8061
6.51531
2.2398
8.09694
72.9031
5.5051
0.321429
13.8469
90.648
7.26531
0.392857
20.5561
112.051
9.7398
1.17347
25.5867
118.735
9.88776
3.18878
30.75
104.745
8.84184
4.11224
110.199
118.306
14.3622
7.95918
26.5714
97.1633
11.1684
4.15816
6.2602
71.5
11.6888
0.0714286
9.02551
68.6071
12.1429
0.163265
15.4592
61.398
13.8878
0.918367
29.2092
46.3571
20.1633
3.83163
25.6173
30.9541
20.3724
2.5051
42.5867
38.1633
21.3776
0.964286
12.1327
68.1429
9.2551
3.28571
1.66837
36.5357
8.88265
0.0153061
6.03571
24.9949
8.90816
0.0612245
27.9745
23.199
23.5357
0.30102
39.3469
28.949
36.9694
0.714286
21.2806
27.1786
24.4592
0.479592
11.7959
16.352
9.7398
0.0204082
1.38776
12.0357
2.33673
0.576531
1.40816
4.5051
2.18878
0.0102041
21.0459
5.35204
9.36735
0.163265
57.1684
13.2857
30.602
0.239796
40.5357
17.7755
27.8214
0.112245
8.89796
9.90816
8.22449
0.0714286
1.43878
2.76531
1.32653
0
0.464286
1.2398
0.454082
0.0663265
4.61224
1.2551
1.06633
0.260204
42.3469
3.77551
7.54082
2.77551
81.8214
8.4949
16.9286
5.61224
36.2296
6.77041
9.01531
2.17857
2.78571
1.62245
1.13776
0.0969388
0.265306
0.826531
0.132653
0
0.336735
0.209184
0.0561224
0.0102041
4.94388
0.811224
0.265306
0.693878
34.9745
4.17347
1.68367
8.69898
68.8265
15.4592
3.16837
25.1582
31.0663
22.5255
1.39796
19.2449
3.2449
14.6378
0.326531
5.11735
2.12245
9.60204
0.658163
1.09694
0.0714286
0.0255102
0
0.00510204
1.93878
0.678571
0.0306122
0.576531
13.7806
6.70918
0.0867347
7.39286
34.8673
37.4847
0.27551
33.5765
27.6735
97.7041
0.678571
47.4235
14.3622
133.153
1.88776
29.4745
43.1735
161.607
6.70918
17.6531
