148.755
112.898
2.4898
11.0714
69.0306
43.4847
1.39286
8.0102
30.4592
13.5459
0.80102
3.28571
10.6276
2.86224
0.316327
1.11224
0.744898
0.209184
0.0153061
0.112245
0
0
0
0
0
0
0
0
105.781
17.8367
2.69898
2.31633
57.1173
7.32653
1.69388
1.63776
29.6735
2.90306
0.77551
0.75
10.0102
0.316327
0.229592
0.30102
0.913265
0.0357143
0.0204082
0.0102041
0
0
0
0
0.122449
0.0714286
0.0204082
0
107.954
15.3724
2.46939
1.83673
56.7245
6.4898
1.72449
1.38776
28.6888
2.56122
0.780612
0.55102
9.65306
0.464286
0.438776
0.158163
0.841837
0.0357143
0.0204082
0
0.0357143
0.0459184
0.0408163
0
0.428571
0.632653
0.387755
0
103.097
21.4949
2.28061
3.84184
56.2398
8.09694
1.28061
2.90306
28.4847
3.39796
0.617347
1.31633
9.68878
0.714286
0.341837
0.418367
0.617347
0.0510204
0.102041
0.0255102
0.55102
0.52551
0.535714
0
5.23469
6.98469
2.92857
0.19898
89.6173
25.3673
1.25
6.18367
54.852
12.8673
0.556122
6.97959
31.6735
7.29082
0.331633
4.2551
11.4031
2.11224
0.280612
1.37755
1.88776
1.61224
0.984694
0.19898
3.12245
6.97959
4.62245
0
19.7041
29.6378
15.6122
0.576531
61.6684
27.1633
0.19898
8.19388
46.9541
22.2959
0.0816327
13.0459
33.6837
22.2857
0.214286
12.1939
16.3827
20.2296
1.65306
5.77551
7.48469
22.6837
6.80612
1.55612
9.2449
30.0918
14.8878
0.27551
32.148
55.2245
26.148
0.44898
32.2959
27.6173
0.0102041
7.94388
37.4847
57.5153
0.0408163
20.4898
31.3724
108.383
1.0051
25.301
21.3929
146.944
7.2398
16.6173
18.5561
142.25
18.5204
6.04082
21.5306
112.648
23.0102
2.15816
39.6939
105.153
24.7653
2.08163
