4.52041
13.5255
0.928571
1.11735
17.4235
40.8724
2.66327
11.6224
34.2041
83.5612
4.33163
38.9439
31.449
72.6684
4.95408
36.2449
15.0816
25.0918
3.52551
8.39286
2.93878
4.09694
1.03061
0.566327
0.362245
0.520408
0.107143
0.0204082
2.82653
19.4235
2.4949
0.561224
1.46939
37.8469
6.13265
1.02041
4.46939
61
12.7398
3.72959
14.4541
71.5969
18.3418
7.06633
18.5408
47.5306
17.2041
5.30612
10.6122
12.9796
6.88776
1.87755
0.989796
1.53061
0.933673
0.290816
9.42347
68.7143
8.79082
2.5102
3.57653
91.1327
16.5306
1.80102
8.65816
94.7959
26.9541
1.33673
29.7092
71.5561
41.75
4.60714
31.8929
30.7959
39.5102
4.17857
10.301
7.31633
11.2092
1.06122
0.790816
0.678571
0.887755
0.183673
4.54592
35.5918
4.71429
1.13776
5.52551
27.3469
9.84694
0.372449
23.602
27.3163
35.5561
1.02551
37.199
25.2755
60.5153
2.4898
16.6429
9.2602
26.4286
1.46429
1.7602
0.877551
3.26531
0.117347
1.28571
0.841837
0.739796
0.0612245
3.12245
6.19388
5.31633
0.0408163
15.6327
17.9031
27.2143
0.423469
31.1888
38.852
51.3827
5.38265
28.3469
44.7755
29.7704
17.1173
14.7041
12.5663
4.67857
12.7857
2.38265
1.98469
0.857143
1.67347
10.0255
11.8265
10.2551
0.668367
23.0612
32.3214
30.3622
0.112245
23.2143
34.2296
48.199
0.581633
15.4592
47.2296
32.5102
7.25
29.3673
44.1786
7.52551
31.8469
36.4235
24.6276
1.92347
34.4439
9.58673
26.5612
8.42857
7.98469
29.3571
54.1837
42.0306
1.9898
108.005
121.189
51.1276
3.35204
35.3622
32.9184
35.9949
0.234694
8.46939
14.3622
10.0153
2.5102
27.2245
17.0051
1.43878
21.1276
43.4745
67.8418
3.02041
44.2959
22.2347
120.378
23.0306
19.6531
45.648
114.444
57.6071
2.89286
