39.301
67.7449
1.44388
23.6224
24.0918
34.8827
1.37755
23.3724
9.80612
14.352
2.33673
8.80102
12.699
16.0306
14.7041
1.2398
47.2551
44.6276
41.2653
2.83163
57.4745
59.4337
33.0714
4.93878
35.3571
38.2143
10.4235
2.80102
19.9184
34.4949
1.08673
19.7347
23.4694
41.0918
3.36735
28.7755
19.4949
36.7347
15.4745
13.3265
22.8061
35.5612
44.7653
1.70408
24.6735
35.6633
45.0102
0.204082
11.2296
22.1531
16.8776
0.270408
3.92347
12.551
3.93878
0.341837
6.10204
11.3673
2.91837
4.32653
17.9337
27.7959
15.4439
8.76531
28.3469
44.6633
40.551
6.15306
24.1173
50.602
44.0561
1.95918
10.6888
50.5357
22.4541
0.994898
4.14796
47.4694
10.0969
1.21429
16.6939
56.1378
8.64286
3.96429
10.3929
44.0051
19.4898
1
17.7704
44.801
34.8469
2.43878
20.0969
67.4949
36.6173
4.80102
12.3316
91.2908
29.9388
3.69388
12.0918
85.0204
24.9643
3.94388
13.7653
65.1786
23.3163
3.38265
30.4949
71.9745
25.1582
4.08673
16.9796
93.1531
29.3061
2.67347
6.20408
59.3367
26.6071
1.32143
6.7398
60.3265
21.5459
1.82653
19.7347
58.8724
28.7296
2.03061
31.75
47.8929
40.3724
2.84184
17.9541
35.2245
28.1939
1.13776
11.0153
27.7857
14.602
0.331633
6.63776
39.8112
8.42857
1.37755
3.02041
17.0153
6.68878
0.418367
15.949
11.6939
6.86735
1.88776
52.3469
17.75
21.7449
5.70918
47.7602
19.9847
23.9082
5.66327
13.0153
10.5816
8.55102
1.52551
2.88776
4.15816
2.0102
0.137755
0.484694
1.95918
0.255102
0.137755
1.82653
1.84184
0.265306
0.688776
14.9643
8.02551
1.2551
6.90816
42.5867
40.1684
3.54592
32.4133
35.8367
106.092
3.64286
51.8776
11.8571
152.352
3.75
32.8673
22.3265
179.128
10.102
18.5459
