98.398
34.9184
5.03571
8.97449
16.4541
11.4439
3.47959
2.05102
18.6888
74.7194
15.8827
4.56633
21.0408
142.214
21.4388
9.39796
36.1888
153.617
20.2449
13.0408
35.5714
123.939
13.3112
10.2602
26.9745
60.852
5.27041
4.36224
150.526
19.5612
8.10714
7.32653
17.6531
5.79082
1.82653
1.5051
5.80102
27.9235
6.23469
1.66327
22.8214
44.398
10.8776
4.82143
59.3571
40.0306
11.8418
12.8929
32
47.5663
9.12755
8.91837
14.4949
53.0408
8.7449
3.2602
180.276
9.08163
7.10204
4.57143
21.0714
7.82653
2.10714
1.92347
9.18367
52.7041
9
4.0102
15.2653
87.1276
16.852
5.87755
47.8418
51.8929
14.9949
12.4745
39.6582
56.1276
14.2551
7.78571
18.9286
70.7857
12.8367
2.88776
182.898
7.09184
5.02041
5.2551
21.2398
6.01531
2.2551
1.7449
4.69388
35.5918
7.63776
2.37245
12.7398
54.602
9.89286
4.72449
69.0714
31.8061
8.08673
11.7398
62.4898
19.5714
5.76531
8.22449
13.9337
20.3367
3.14286
2.42347
177.429
7.76531
3.4949
9.56633
28.0918
2.65816
3.64796
2.18367
17.2653
29.0204
19.4847
1.39286
13.8776
73.2653
18.7959
5.80612
45.8469
50.0255
10.1173
12.949
48.6735
32.4796
4.11224
18.4388
20.0663
44.2398
1.46939
18.0102
157.735
11.8112
3.18367
15.1582
42.9337
2.47449
4.18367
5.41837
62.3622
19.3061
20.3469
12.9949
34.1327
55.3061
19.1531
12.949
48.3061
43.7755
11.352
11.801
40.4235
39.7806
8.60204
16.6837
36.25
79.6276
3.32653
38.7551
128.005
35.1735
5.39796
19.7092
43.4388
7.27041
2.36224
8.79592
57.8827
32.2245
3.34184
41.3776
41.1122
114.867
14.2245
43.1735
53.8367
103.607
35.4337
8.84694
51.3571
47.1122
19.5714
6.03061
45.0306
64.2143
4.72959
22.1378
