6.81633
5.09694
0.510204
0.719388
16.3265
4.14286
6.14286
0.520408
59.9949
34.3214
32.8673
7.82653
71.5918
68.6633
28.2551
38.3061
53.3418
44.4286
6.58673
39.4592
15.7959
26.1071
1.89286
11.3061
7.53061
13.8827
0.658163
8.05102
35.3827
23.2245
1.7398
9.2449
30.9388
3.68878
9.08673
1.13265
60.1327
19.4847
28.9694
4.31122
47.2194
44.1582
29.9949
12.2908
49.0408
48.1071
15.8878
19.4745
22.852
70.0714
6.92347
23.9082
31.7296
50.051
2.55612
40.898
101.704
40.2602
6.88776
29.5867
44.7653
12.4082
24.0612
4.94898
51.2704
30.801
44.1582
5.53571
35.4898
44.1888
31.8367
7.5051
74.1122
29.3469
12.0102
13.5816
46.9184
34.1735
6.89796
15.6633
110.515
42.5051
7.86224
59.0153
129.398
27.2194
13.3469
29.199
54.1582
24.1173
39.2959
11.051
56.3469
20.2806
26.8112
17.5612
44.7449
12.8724
8.57143
12.3724
96.2449
6.70408
6.26531
7.53061
63.3418
8.60204
8.59184
4.48469
149.204
17.801
36.2959
15.2092
100.612
22.0816
13.0663
17.4643
53.6224
15.9541
23.602
10.801
35.7704
19.6276
8.29082
29.6582
39.2449
37.2245
7.02041
32.8878
74.0204
30.3112
15.0969
12.1939
43.9643
44.3469
27.6327
5.45408
68.5816
47.3673
71.2143
0.704082
47.3929
20.801
6.01531
9.13776
26.1837
9.96429
6.61224
5.41327
10.9388
9.58673
3.46429
11.6735
36.3878
31.8316
13.7857
21.5561
56.6276
38.7347
25.602
11.5051
21.4949
54.7041
28.0357
3.38776
9.31633
31.9286
29.6378
0.127551
8.9898
8.02041
1.31633
2.30612
6.60204
9.31122
3.80612
1.30102
15.5357
22.1224
19.2857
1.89286
63.2704
41.4592
52.8673
4.17857
70.5714
27.1684
43.0612
2.18878
16.1888
9.84184
8.58673
0.352041
0.688776
2.64286
1.45408
0.0102041
