19.9286
64.4694
8.11735
4.30102
21.5204
115.041
15.9745
7.30102
52.8316
120.097
16.4031
17.5765
82.7143
50.6582
12.0918
15.3724
43.5663
10.2755
4.06122
5.58673
38.1786
13.5663
0.97449
6.98469
19.4235
8.11224
1
2.87245
4.92347
17.8367
3.85204
0.816327
6.94388
16.8776
3.68367
1.2602
66.1122
11.3724
9.42857
5.06633
89.3112
5.53061
15.1735
3.97449
34.4796
5.82653
4.79592
2.86735
71.0255
11.9949
4.82143
8.69898
44.8878
17.5867
4.10714
6.04082
1.46429
9.15306
4.45918
0.0867347
6.47449
22.6531
9.63265
0.545918
58.0306
27.602
22.8724
3.86224
59.6276
45.648
19.8827
8.10714
23.0408
65.0969
10.5816
6.20918
66.8622
36.2959
13.4235
9.45918
54.4439
58.6378
9.9898
13.398
19.2653
34.5357
32.6173
0.632653
14.3929
61.4031
36.9082
2.20408
44.8776
47.4133
33.1735
6.91327
30.2398
62.2398
22.5255
7.43367
22.9643
77.8776
9.40306
9.62245
61.0051
42.3673
13.5204
11.7398
51.6786
80.6735
11.2041
18.4847
81.25
43.2041
53.2143
5.70918
35.7194
36.2449
38.9133
3.46939
76.0969
17.9388
33.3418
3.34694
33.4439
12.102
11.8265
1.47449
41.7449
13.7194
8.84184
2.80612
87.8418
14.8112
18.199
4.5051
45.5612
39.9745
7.58673
12.6939
113.806
43.2908
24.5918
23.4337
42.5969
27.5408
34.0918
4.82143
60.4796
7.65306
30.9235
0.52551
22.3265
0.928571
6.86224
0.0561224
56.8673
1.96939
18.9847
0.290816
80.9898
5.22449
23.102
1.07143
27.6531
10.2449
4.2551
4.18367
75.5816
79.3367
9.30102
40.0459
32.6071
66.8878
33.8163
8.9949
32.949
15.1786
24.0102
0.352041
28.2704
7.87245
12.551
0.316327
85.8776
18.1684
37.4184
1.09694
65.1684
11.5765
23.5561
1.04592
12.6276
3.5102
2.17857
0.387755
