59.3265
41.6582
2.22449
2.82143
14.4184
5.43367
0.464286
0.887755
0.755102
0.0510204
0.0102041
0
5.28571
1.05612
0.142857
0.80102
55.1276
13.5918
0.954082
13.551
92.8265
31.4082
1.03061
29.9796
61.9439
29.7602
0.346939
18.398
99.9031
40.5051
2.7398
6.03571
21.852
4.16837
0.469388
1.45918
1.02041
0.0612245
0.0153061
0.0663265
0.806122
0.153061
0
0.295918
14.5561
1.83163
0.102041
7.19388
48.3571
10.9337
0.168367
23.7755
86.8724
28.6786
0.0153061
26.2296
139.153
32.9184
1.78571
9.38776
34.4133
5.11224
0.341837
3.43878
1.81122
0.204082
0.00510204
0.418367
0.173469
0.0255102
0
0.0153061
4.76531
0.617347
0.00510204
2.06122
33.801
7.52551
0.0765306
10.9133
125.148
28.3776
0.290816
24.1939
135.51
27.148
0.591837
13.1888
46.8061
6.22449
0.0816327
7.34694
5.59184
0.423469
0.0663265
1.11224
1.12755
0.168367
0.19898
0.0153061
1.87755
0.352041
0.122449
0.362245
20.8929
4.65306
0.163265
3.66837
133.592
25.3367
1.63776
15.0459
107.648
22.9745
0.102041
14.5612
59.699
7.67347
0.255102
14.0459
14.4235
1.44388
1.16327
3.69388
5.16327
0.795918
1.80102
0.127551
2.07653
0.285714
0.443878
0.0306122
13.0969
3.10714
0.321429
1.11735
107.235
22.0663
3.81633
6.98469
69.7704
17.7806
0.0816327
13.0204
64.4592
14.199
0.882653
23.4082
31.4592
9.2449
4.5102
10.2347
11.6684
2.22449
3.71939
0.571429
1.94898
0.367347
0.622449
0.0102041
9.47959
2.70408
0.591837
0.336735
72.0408
18.8929
3.89796
2.88265
42.0867
17.4694
0.19898
12.0918
74.551
42.5306
3.7449
33.4592
69.5714
41.0561
9.95918
22.2806
25.5867
8.4898
5.89796
2.34184
2.08673
0.510204
0.617347
0
8.80102
4.40816
1.30102
0.153061
51.7653
24.4643
3.97449
1.55102
