1.7398
2.16327
0.173469
0.0765306
22.6327
12.0714
0.867347
3.58163
79.6429
35.102
1.83163
17.199
83.7755
42.1122
2.55612
20.9337
31.3061
38.1429
5.97449
6.63776
16.5255
49.5612
9.2551
0.709184
38.6224
72.7143
9.81633
2.60204
5.39286
29.0561
2.64796
0.678571
7.12755
39.2092
6.14796
1.69898
30.3673
44.7755
9.68367
7.33673
41.0816
39.9949
7.87245
14.0306
25.5153
56.1888
11.3622
8.67857
15.8469
69.4235
15.102
2.12755
27.0765
76.5408
12.9337
2.15306
15.6582
95.3265
8.05612
2.83673
4.29592
92.1786
14.1582
1.17347
7.12755
83.9898
15.8827
2.7551
17.6071
59.0714
8.54592
15.7857
29.7857
48.2959
7.18878
25.6071
20.6327
49.5969
7.88776
14.9745
12.7551
43.4184
5.66837
4.41327
7.05612
59.6786
4.98469
1.64796
0.836735
40.2092
6.27041
0.357143
0.622449
29.0459
4.89286
0.908163
7.08673
22.7092
2.14796
10.0255
22.1327
34.1122
1.92347
30.5153
20.9745
50.4337
3.08163
31.551
15.1276
56.699
2.69388
19.1429
7.40306
38.4694
1.28571
8.05612
2.41327
11.0765
0.617347
5.06633
0.47449
2.72959
0.173469
1.17347
1.22449
2.13776
0.387755
1.03571
6.46939
11.6786
1.77041
6.76531
10
31.5612
2.47959
12.4286
11.9184
53.9286
2.81122
13.4847
19.1224
75.2908
1.39796
25.9745
10.3622
46.602
1.11224
31.5867
4.08163
30.0918
0.209184
18.5357
0.744898
17.5918
0.0969388
5.83163
1.06122
11.6735
0.622449
1.77551
1.56633
11.5969
1.28571
0.836735
3.10204
15.6378
2.21939
0.928571
10.2806
34.148
0.408163
16.3163
14.6276
62.3367
0.571429
38.8112
13.602
111.903
0.321429
47.0612
7.7551
150.122
0.846939
31.2551
8.18367
155.806
3.48469
14.5153
13.3112
122.872
5.60714
6.55612
28.1684
97.7143
8.52041
4.5051
