12.9235
28.5051
1.38265
3.92347
23.6582
67.7398
2.71939
16.2398
31.0663
107.755
3.82143
35.551
25.0969
84.0714
3.15816
28.6531
11.5765
36.4643
1.17347
7.69388
3.42347
11.1888
0.163265
1.55102
1.17347
4.92857
0.112245
0.581633
1.30102
4.35204
0.418367
0.204082
1.64286
8.36735
0.806122
1.03061
4.36224
18.7449
1.82653
3.98469
7.04082
32.551
2.7449
6.13265
4.59694
31.1122
1.82143
3.97959
1.89796
19.8571
0.387755
2.58163
3.44898
9.63776
0.107143
2.29592
3.84694
45.2143
8.81122
0.341837
1.04082
57.2857
16.3878
0.102041
0.653061
83.7653
21.4898
0.316327
0.683673
105.061
14.7755
1.93878
1.58163
106.566
4.68878
8.89796
5.27041
82.1224
1.12245
17.6276
22.6888
55.7092
1.0051
21.0561
10.6837
132.832
26.8214
1.56122
1.61735
85.1786
29.3878
0.153061
0.556122
73.2296
21.199
0.219388
0.566327
63.6939
9.05102
1.38265
2.87755
60.0255
2.34184
6.80612
18.1837
61.5408
2.42857
17.3878
95.4337
63.7755
6.81633
31.7092
4.20918
50.898
8.5102
0.852041
0.479592
13.3724
4.97449
0.0408163
0.117347
3.51531
1.36735
0.0102041
0.872449
1.60714
0.913265
0.0255102
5.67347
6.5
4.7551
0.27551
27.9694
25.6122
13.1735
1.55102
111.73
44.5
28.352
7.26531
0.0612245
0.321429
0.0663265
0
0.0408163
0.877551
0.367347
0
0.290816
3.04082
2.19898
0.0102041
3.37755
10.5204
9.83673
0.0102041
14.648
29.2653
25.5765
0
27.4847
48.3316
32.3571
0
49.0459
53.1071
27.9745
0.107143
2.41327
12.8316
1.84184
0.454082
4.0102
23
5.66837
0.627551
11.4337
47.7653
19.5408
0.964286
24.1582
77.9439
45.5765
1.06633
32.6531
74.7755
52.6633
0.295918
22.2908
44.1276
27.2194
0.0357143
11.7704
20.0102
7.63776
0
