1.38776
3.65306
0.260204
0.331633
23.8214
10.5612
0.892857
3.03061
112.724
27.7602
4.65816
13.9082
106.908
17.0051
4.82653
12.2092
15.2704
6.18878
3.37245
1.48469
2.68878
12.8163
2.65816
2.09184
2.93367
7.97449
0.27551
3.31633
6.28571
32.5408
6.40816
1.19388
13.8316
34.6378
8.43367
2.19898
74.3622
21.3571
8.81633
5.64796
81.852
8.79592
11.551
5.69898
17.7602
28.4133
26.6173
1.2398
5.36735
60.0204
17.6633
12.602
19.0663
37.5969
1.44388
31.9745
25.8112
92.3724
21.852
4.28061
27.648
61.2194
19.2194
5.98469
62.2041
29.102
14.7245
7.04082
65.648
22.0408
34.7704
6.88776
20.8469
44.6276
54.8724
1.66327
5.84694
56.6429
17.5969
13.801
85.3418
42.5102
3.41837
61.8929
35.7755
55.4949
18.1122
3.75
48.8061
32.8776
21.6939
5.31633
50.3929
25.9031
22.1276
6.37245
54.199
19.7143
38.2908
5.03061
16.6837
14.6939
24.5357
0.872449
3.26531
10.301
4.34184
3.2551
159.505
13.3418
12.0867
30.6888
45.3571
21.4439
20.0102
1.51531
42.7806
26.1173
27.6122
2.7449
52.1684
26.5255
22.2143
6.07143
71.4133
7.32143
12.5816
4.54082
16.2602
1.17857
3.43878
0.581633
7.45408
1.05102
6.31633
0.127551
150.418
7.82143
45.148
4.35714
59.7959
36.3112
27.7704
2.14286
38.3265
25.1633
26.2908
1.63776
72.3776
14.5255
11.7398
5.58163
87.1122
2.52041
3.53571
4.87245
19.3469
1.02041
2.07653
0.913265
22.1633
6.11735
25.6786
0.244898
88.2143
14.6939
68.2602
0.464286
52.2092
54.3214
17.8061
5.16327
32.5816
20.051
11.3265
2.88776
89.2704
22.4694
6.59184
9.68878
106.097
21.5357
5.71939
8.58673
34.4694
8.91837
9.85714
1.94898
45.8367
22.3418
47.1429
1.7398
44.3724
18.0816
46.3724
0.418367
