46.7092
18.9643
3.30612
4.44898
5.60714
3.37755
0.903061
0.673469
4.15306
14.3622
2.95408
0.571429
45.1684
36.0102
9.06122
5.64796
105.842
50.0918
12.5561
15.1429
51.5561
57.7245
6.93367
9.94898
19.3827
61.9898
5.06633
4.20408
115.25
22.2551
8.7551
8.0051
15.2398
12.9286
4.78571
1.77041
7.70408
58.7347
14.8673
2.03061
17.4541
82.8827
18.5714
5.06122
52.7092
49.4847
13.398
12.6429
38.0816
60.6276
9.67857
7.21429
19.6582
79.4082
8.55102
3.88265
174.224
13.8163
9.53571
6.46429
18.648
11.9847
4.67347
1.78571
5.16837
41.1735
11
1.64796
14.3418
44.3061
8.58163
3.90306
75.5918
24.4847
5.42857
12.199
63.3724
23.4082
4.89796
6.35204
14.9439
25.6837
2.83673
1.16837
185.607
8.32653
7.36224
4.82653
16.2347
2.30612
2.27551
0.836735
3.58163
16.2143
6.86735
0.704082
12.7704
33.5867
7.36735
3.20408
74.9184
23.4031
6.18367
9.42347
70.398
12.3265
2.57143
9.32653
16.5255
9.86735
0.336735
3.97449
184.791
7.90306
4.69898
7.42347
29.852
2.32653
5.15816
1.77551
33.7347
33.3367
22.8571
3.32653
19.1327
76.5357
17.9031
9.5102
46.5612
49.4847
9.79592
14.4337
49.3163
31.7041
4.96429
17.2704
23.4592
46.8673
1.7602
23.2092
170.276
11.602
3.7551
13
44.6531
1.71939
3.95408
5.9898
73.801
19.4592
14.4286
18.3418
37.5612
46.051
13.6939
16.102
55.2653
35.0969
13.5408
10.8827
44.0969
36.2857
8.87755
13.801
36.7551
70.6684
3.03061
34.199
159.684
43.898
5.91327
19.9847
41.5867
6.93367
2.45918
9.16327
54.1582
32.3827
2.33163
42.7092
38.4796
106.097
14.9949
41.398
53.9337
86.6276
36.5867
6.82143
45.5255
38.25
16.7551
5.80612
40.2959
51.2602
3.19388
18.5357
