4.44388
1.31633
0.0357143
0.27551
45.2143
10.7653
1.48469
3.56633
51.2092
11.9796
2.72449
4.30102
28.449
5.23469
1.68367
1.94898
124.607
19.8929
4.38265
12.1582
89.5561
26.102
7.39286
10.5816
28.801
34.7704
9.69898
2.05612
7.59694
5.78061
0.790816
0.494898
65.2347
9.96939
3.72959
5.87245
69.9643
15.1837
6.22959
6.83673
19.6122
26.6378
9.56122
1.83163
68.9133
24.9541
16.0918
5.56122
53.1378
42.9337
19.1173
7.09694
28.8367
68.4643
18.5969
3.72449
12.9694
70.6378
9.95918
2.61735
49.5306
40.5153
16.1837
6.41327
49.6071
51.8827
20.398
9.15306
16.0969
85.6735
26.2194
3.13265
52.3622
49.4235
21.9541
7.52551
45.9643
38.2857
19.6429
4.09694
15.7551
53.0969
11.6582
1.62245
19.5612
129.357
20.8163
5.70408
44.6582
57.6327
18.6224
9.33163
60.1633
36.5204
19.9235
6.88265
22.6735
41.1327
12.8214
2.41327
82.0816
22.7551
10.8622
6.43367
60.2449
10.2959
7.55102
2.69388
4.35204
7.43878
1.25
0.0408163
10.9133
42.8163
8.65306
2.79082
69.8929
14.0102
5.7602
9.26531
91.6429
3.95918
3.51531
11.8112
22.9082
3.35204
1.75
3
43.1378
13.3061
6.2602
3.63265
29.1071
8.03061
3.52041
1.80102
2.22449
1.98469
0.877551
0.209184
3.92857
2.47959
0.469388
0.377551
50.6531
2.52551
0.882653
12.5714
81.0765
7.88776
1.42347
30.0918
18.0714
12.5102
0.765306
14.5
4.80102
13.6633
1.78061
3.05102
3.11735
13.699
3.04082
0.897959
6.73469
23.3571
7.61224
1.37755
1.07653
0.382653
0
0.22449
21.1939
4.56633
0.219388
11.0816
45.6531
44.7041
0.709184
51.0459
17.8929
132.684
1.26531
45.3929
3.97449
176.046
6.9898
16.0816
6.31122
172.418
15.4388
6.08673
49.0408
185.816
30.8827
6.44388
