24.699
107.286
9.53571
5.66327
10.9847
137.811
15.9643
3.41327
20.0459
152.138
25.1939
5.28571
46.699
118.235
33.449
9.92347
50.4388
62.5714
25.3112
7.16837
23.2806
22.2296
7.05102
2.59184
6.05612
4.70408
0.673469
0.47449
8.63265
40.3316
3.97449
2.07143
9.17857
35.5867
10.2449
0.938776
31.5357
32.9235
31.0663
0.964286
41.4439
24.2908
42.6837
1.5
19.7551
14.0867
20.0918
0.760204
4.34694
6.55612
3.93878
0.341837
0.693878
1.69898
0.336735
0.219388
4.21429
9.45918
3.79082
0.25
21.398
18.5816
19.8418
0.760204
39.3469
36.602
41.1888
2.47449
24.1735
58.5102
31.3827
2.66837
5.86735
67.2296
10.4592
4.90306
1.37755
50.1378
1.67347
10.4541
3.86224
25.2908
0.357143
10.3878
14.3571
41.6531
21.9796
0.867347
20.7347
43.551
35.949
1.45918
17.7143
64.1837
33.4286
4
6.03061
92.2908
21.5153
3.13265
1.03061
99.1684
8.19388
8.56633
4.92857
88.2347
2.07653
26.1276
46.4082
72.4133
2.36224
44.0102
19.9235
75.6582
31.2704
2.08673
6.38776
38.699
26.9592
0.668367
1.7602
30.5969
15.1582
0.658163
0.372449
22.8214
6.19898
0.321429
0.158163
19.9031
2.13776
1.83163
9.43367
29.1327
6.40816
9.45408
117.153
53.6786
22.352
29.8776
9.72959
39.3622
10.398
1.88776
1.85714
11.1071
5.64796
1.10204
0.44898
4.08673
1.58673
0.530612
0.336735
5.29082
3.5051
0.0918367
1.69388
15.2296
14.8367
0.0255102
11.5612
32.949
35.7806
0.19898
77.551
54.3673
51.8776
2.19388
6.18367
21.7092
1.29082
3.30612
6
39.5612
3.35204
5.5051
7.45408
72.5051
11.3163
6.92857
9.4898
103.133
31.7755
4.21429
12.0255
102.378
58.7755
1.46429
14.602
66.7806
59.3827
0.153061
19.7449
38.5408
33.3469
0.0408163
