5.11735
53.0612
3.86735
1.35204
23.3163
44.2755
9.59184
1.73469
81.5459
56.3622
18.5612
9.2449
66.2041
76.7245
19.6939
11.4898
24.0408
69.4847
14.9847
5.31633
9.64796
31.3929
5.82653
2.18367
2.91327
7.66837
0.872449
0.719388
15.2806
141.015
11.4337
4.25
21.6582
89.9643
16.9796
4.30612
42.0306
50.8214
25.4592
5.51531
23.2653
61.1531
21.4796
3.57143
6.61735
61.8827
13
2.4898
6.07143
34.102
7.36735
1.7551
4.59694
14.4541
3.18878
1.07653
14.0969
66.6633
7.33163
2.07143
39.2296
47.4184
14.5969
5.38776
57.3316
50
20.7245
11.5255
18.2194
49.0357
12.7908
8.09694
6.14286
39.5408
17.3469
3.87755
8.7449
43.5408
26.0102
2.0102
10.6888
38.2245
14.5663
2.15306
9.9898
13.4898
2.43878
0.826531
25.2347
31.5204
9.5102
5.33673
30.75
63.5153
17.6122
14.5306
21.7245
75.6684
19.852
15.8061
23.5204
58.6531
29.8827
10.3827
20.2296
47.8878
31.9643
5.62245
8.59694
33.5918
13.7092
1.62245
4.86735
10.6173
3.63776
0.571429
12.148
26.0765
16.5969
1.56633
20.8367
44.1173
40.6071
3.69388
25.4643
52.5153
38.5816
6.93878
40.7908
42.9694
18.25
15.3878
30.4388
24.9235
8.39286
12.9388
6.80102
11.7296
3.42857
2.87755
19.1888
15.9439
7
1.72449
33.4082
23.551
23.1735
3.17347
34.8214
27.2041
35.3367
3.7602
20.3316
23.4337
20.7398
3.44388
23.801
25.3061
7.47449
7.26531
18.0765
23.2092
4.65306
6.81633
9.41327
30.1582
6.63776
3.56633
26.5204
25.7398
2.32653
8.91327
40.9949
57.898
5.85204
28.1122
32.102
124.153
6.37755
37.0102
11.1837
177.903
5.82143
20.9184
3.54592
193.082
11.2704
7.36735
3.98469
183.679
20.6327
2.81633
32.8571
217.867
36.4694
6.84694
