6.96429
4.28571
0.602041
0.923469
65.3878
16.3418
2.64286
7.9949
134.776
23.0663
5.56122
16.9337
50.1786
8.63265
5.78571
6.04592
4.7551
18.9796
9.9949
1.90306
5.61224
26.6582
5.85714
6.9949
7.36224
10.7449
0.734694
6.67857
13.1378
44.7857
11.898
2.69898
37.9235
36.699
13.3112
5.37245
92.0102
14.9796
12.1071
8.35204
46.352
22.2194
29.4031
4.04592
9.38265
58.7041
38.1378
4.05102
18.5102
62.3316
11.9031
23.6122
38.3112
24.5
1.83673
28.0153
34.8622
87.5
28.1939
6.43367
48.8265
44
23.2704
8.22959
71.3418
20.5918
26.8265
7.82143
42.6735
28.8724
52.4847
3.78571
8.64796
34.852
30.8367
2.33673
34.2194
27.3316
6.78061
19.0663
105.49
15.2296
3.87245
33.0918
49.4745
36.25
22.352
4.32143
57.5306
20.6122
28.6633
5.63265
61.3673
16.0204
30.4796
6
42.6684
10.2602
26.5867
2.07653
7.38776
19.8827
12.1939
2.2398
34.6888
22.5816
6.88265
8.31633
138.755
12.6276
10.9949
15.2449
65.6939
14.699
28.0306
1.65816
49.9796
17.0561
29.7449
3.86224
80.7092
10.6071
14.9184
6.05102
67.2449
5.15306
11.9133
2.83163
35.8673
38.3112
23.1939
5.68878
34.8316
56.0408
15.7143
16.7398
112.383
30.1582
18.1429
21.5
83.9184
24.0969
32.6276
1.21429
55.6582
11.5102
21.1122
2.66837
99.7857
4.46939
5.36735
5.32653
87.9133
2.35714
6.63776
7.47959
76.1633
26.0612
19.0051
16.2908
51.9541
42.3061
25.5306
16.0765
88.3061
41.2857
20.352
35.2194
81.1224
49.0714
22.2602
5.0051
61.9541
15.7449
10.8929
5.38776
124.995
21.4235
6.39286
10.7602
89.2449
13.7959
4.5102
13.4796
60.8163
48.4949
11.0663
34.0306
45.6939
69.051
38.4643
17.4643
78.5153
56.8112
26.2296
25.9949
