16.5306
105.26
8.10714
5.09184
7.29082
148.122
14.7347
3.96429
15.8265
171.066
27.3214
4.83673
39.8827
144.046
38.4592
8.87755
45.4031
84.6582
30.9541
6.33163
23.3622
33.4796
11.2143
2.44388
8.37245
10.5459
2.04592
0.607143
2.96939
27.8571
3.37755
1.03061
8.03571
29.8163
11.2704
0.561224
29.148
41.051
35.8265
1.2602
32.3061
44.2245
43.148
1.95408
13.0918
32.5408
19.898
1.87755
3.10714
16.1786
4.63776
1.85204
0.576531
5.19898
0.678571
1.19898
5.75
14.9031
8.39286
0.188776
21
31.3061
27.8214
1.01531
29.0357
61.148
41.3776
4.38776
14.3776
95.5612
28.9643
4.17857
3.47959
106.52
9.61224
8.17347
2.87755
84.051
2.2398
19.301
13.0561
49.1378
0.908163
24.0612
17.8776
58.9847
30.5816
1.0051
15.0816
48.7194
38.4796
1.14796
7.60204
60.4949
27.8673
2.57653
1.9949
70.7959
14.3112
2.2449
1.27041
69.8622
4.95408
5.59694
7.91837
67.7398
2.25
19.7041
87.2806
68.8367
5.10204
45.1684
24.2755
69.4949
30.3214
1.45918
8.62755
35.6122
24.0663
0.214286
4.58163
47.9796
16.75
0.943878
2.06122
67.6327
10.1224
4.67347
2.37755
61.199
3.86224
10.1939
10.9184
42.6735
5.41837
9.02041
137.51
40.4082
22.449
15.7347
20.9133
26.1173
8.04592
2.03571
28.7245
18.3214
11.0561
2.53061
34.0357
42.9082
20.8163
3.18878
16.8061
73.3724
17.0357
7.10204
13.4898
79.6837
9.37755
18.8061
23.1939
61.0918
16.0306
15.9388
89.1633
50.9235
35.0918
5.16837
12.8163
10.3469
0.673469
4.19388
37.1837
28.7296
2.20408
17.5561
54.3214
86.5051
5.97959
34.5714
30.2143
155.046
16.8673
25.9235
19.6378
152.806
40.148
9.59184
27.5816
88.8724
48.5357
5.27551
42.9898
51.2806
31.551
2.19898
