22.25
12.7959
1.76531
1.96429
3.04082
1.41837
0.132653
0.469388
9.21939
2.80102
0.586735
1.21939
95.0765
21.3878
2.58163
19.4133
105.398
32.2143
1.97449
23.0765
22.949
23.5051
1.36224
4.62245
13.6888
35.301
3.30102
1.63776
79.9949
26.7398
4.80612
6.45918
10.4082
6.60204
2.08163
1.21429
4.20918
22.9082
7.14286
0.535714
42.3316
34.4184
12.0714
6.2602
64.3571
34.1276
7.95918
13.2704
21.2449
60.8776
6.89286
5.71939
24.4337
108.51
10.3367
4.32143
153.745
21.2347
7.5051
7.04592
22.2347
17.9439
5.88776
2.21939
8.55102
70.7245
18.9541
1.95408
22.9643
78.1122
19.4031
6.26531
52.5816
41.6939
10.5153
11.7704
32.8622
62.7602
9.09184
4.85714
26.2041
104.801
10.0459
2.95918
178.102
12.3724
6.88265
6.34694
20.7755
12.4031
4.30612
1.89286
3.98469
30.3163
7.68878
1.15306
26.1327
26.0153
5.02551
3.63265
83.0306
14.8418
4.09694
8.43878
57.2092
15.3776
3.29082
3.39796
19.9745
18.1429
1.63776
0.714286
164.811
18.1633
5.18367
13.1684
18.7296
2.56633
1.39796
2.60204
1.06122
0.556122
0.265306
0.0867347
28.6837
0.780612
2.39286
0.479592
90.6224
5.07143
6.76531
2.29592
60.398
8.28061
3.78061
1.89796
19.148
3.58163
0.867347
0.290816
109.867
28.5561
4.35714
19.1582
16.9082
5.16837
1.66837
3.55102
1.61224
0.44898
0.75
0.117347
34.7347
1.79592
9.55612
0.0969388
83.2857
9.30612
17.5255
0.52551
47.3827
10.352
6.26531
0.479592
13.4388
4.11224
1.09694
0.0663265
33.6684
20.1684
1.92857
9.04082
8.44898
4.85714
0.852041
2.01531
10.6684
6.88776
8.2602
0.581633
66.2551
27.148
43.6327
1.34184
82.2347
33.0663
40.2602
1.0102
29.4643
15.1327
8.13776
0.295918
6.7602
4.03571
0.989796
0.0510204
