21.6276
44.8214
4.65816
0.362245
23.4439
57.7959
8.03571
0.255102
32.8827
90.5306
10.9847
0.540816
31.6224
116.281
8.69898
2.26531
29.9235
120.194
3.5
7.22959
37.0408
95.1276
0.55102
12.7092
53.3827
63.8112
0.0102041
13.7653
39.7245
74.898
15.4031
1.93367
18.699
56.1531
15.5918
0.188776
16.2857
54.6582
12.1327
0.209184
10.25
54.551
6.02551
0.816327
8.7398
54.648
1.83673
4.7551
22.102
49.1122
0.44898
14.8163
90.6837
48.0459
0.744898
25.9745
35.9592
75.0561
17.8571
4.02551
9.79082
35.5918
13.3367
0.0969388
6.63776
21.7602
6.90816
0.0204082
3.09694
12.2194
2.0102
0.0204082
2.26531
9.65816
0.535714
0.938776
22.2092
17.4388
1.89796
6.34184
142.117
25.4133
6.72959
17.2092
13.2245
30.8367
6.31633
2.46939
2.14796
8.61735
4.41837
0.0306122
0.857143
2.5
1.39796
0
0.204082
0.556122
0.392857
0
1.93367
1.44898
2.86224
0
25.2296
11.7857
10.9184
0.30102
132.24
26.2347
23.5
2.13776
2.2602
4.66327
0.744898
0.321429
0.311224
0.954082
0.647959
0.0153061
0.117347
0.377551
0.372449
0
1.33163
1.80612
2.81122
0
8.95408
7.85204
15.8265
0
30.1735
23.6837
29.4694
0
75.1633
41.5612
30.2449
0.0204082
0.438776
0.688776
0.0867347
0
0.244898
0.94898
0.397959
0
1.60714
2.85204
2.5
0.0102041
8.69898
8.95918
13.9796
0.0561224
22.5561
19.1122
35.8112
0.0204082
27.6888
26.7806
34.7245
0
29.352
28.5765
16.8163
0
1.28061
1.77551
0.321429
0.122449
4.7551
4.22449
1.64796
0.47449
23.8112
23.7653
10.25
1.59184
48.2347
56.0561
34.7806
1.76531
47.602
51.5765
43.8112
0.520408
25.699
24.6786
21.3265
0.0510204
7.64796
8.09184
4.19898
0
