12.4439
38.4898
4.83673
1.98469
70.9133
34.2857
16.7959
4.32143
91.352
48.1378
25.3163
6
34.2245
43.6582
15.602
3.48469
15.3418
24.6939
5
4.04592
8.61224
26.648
1.58163
7.12755
7.72959
29.8571
1.43367
7.63265
23.7347
115.143
13.5714
6.73469
45.5612
58.6735
28.25
6.2602
35.5255
56.0918
28.3163
5.39286
10.5204
49.1684
13.4184
2.2398
10.1276
31.5357
5.46939
3.68367
8.18367
43.7245
2.79082
10.6071
10.0969
60.5357
2.2398
16.0765
40.5816
68.0459
18.2551
4.17857
68.4949
28.2908
31.6582
3.42347
28.1378
16
16.3571
1.18878
5.36224
13.801
3.11735
1.2602
26.4898
30.9235
4.44898
7.7602
27.051
54.5663
4.83673
13.5255
14.9541
76.949
3.83163
17.6735
51.8214
28.801
20.5663
1.48469
60.8622
9.52551
23.4541
0.903061
17.5714
3.77041
6.35714
0.239796
7.20918
10.2551
2.21429
1.80102
58.3469
18.7041
5.51531
10.4643
62.5102
19.8112
4.87245
10.7755
16.7806
24.6173
1.77551
6.28571
36.3878
28.2755
12.4184
1.54082
34.5561
11.3265
11.6888
1.41837
18.949
23.1429
15.6531
0.785714
12.4592
62.7908
17.5306
4.79082
48.8163
53.8878
12.3724
15.0051
57.6735
32.1122
6.35204
19.2908
19.2908
36.7857
1.55102
15.3112
13.8776
12.2296
2.9949
0.785714
25.1378
6.2602
5.68878
2.66837
56.9439
18.7398
19
7.90816
41.3265
52.2398
23.0204
8.80102
51.6888
47.4796
15.9541
12.949
47.9133
42.6633
10.8061
20.5867
34.8061
76.1888
3.78571
35.0153
5.98469
4.2551
0.744898
0.75
18.9286
4.9898
1.47959
6.65306
62.8163
31.949
4.87245
38.6378
60.9133
106.709
20.1122
45.0102
66.0816
98.4745
47.7551
11.8827
60.398
40.2194
27.8929
8.82653
38.1071
54.8571
5.56633
20.4898
