5.2449
41.6071
2.95918
1.33163
7.65306
65.5612
5.37245
2.62755
35.9592
86.7398
9.61735
8.0102
78.6173
82.8265
12.3571
16.3214
56.2296
79.0306
9.11224
13.8827
18.0612
55.7245
5.2551
5.67347
5.61224
23.0204
1.69898
2.22959
8.4949
79.2245
6.60714
2.33673
3.19898
89.199
9.13776
2.46429
13.6786
85.8724
9.59694
5.88265
48.7398
51.1939
9.56122
12.4235
46.6582
57.4082
11.0918
9.48469
15.051
66.3061
7.92347
4.90306
8.2602
40.5459
4.88265
2.88265
6.7398
64.1837
4.41837
1.84184
2.62245
81.449
8.25
2.28061
11.9694
90.0102
11.2092
3.38265
50.2602
56.8265
11.6684
9.54082
49.5102
55.8469
11.6939
10.0714
16.2602
78.9847
12.7347
3.15306
9.80612
60.7704
9.06122
2.05612
6.59694
66.6939
5.77551
1.92347
2.28061
86.5306
9.11735
2.10204
6.63265
89.1224
9.75
2.85204
45.0204
54.3214
8.18878
9.68367
64.75
38.6378
9.14286
9.53061
23.9286
45.9949
7
2.98469
5.25
30.5306
4.30612
0.739796
13.0255
48.5765
13.1071
1.02551
2.78061
72.8827
11.9898
1.42857
5.38776
88.102
7.16837
4.83163
38.7806
58.4235
8.04592
8.68878
61.0357
33.3827
5.83163
13.7398
26.6888
38.0153
1.88776
11.6939
5.4898
31.5714
0.663265
8.5102
61.8418
62.4031
20.4031
9.79082
21.3061
74.2449
18.6888
7.58673
10.301
89.1378
9.04082
6.84694
35.4796
64.0918
8.7551
10.8571
44.7908
43.0612
9.9898
12.0459
20.449
70.2041
3.9949
22.1786
20.1429
92.7755
1.91837
33.2041
65.4235
73.1633
4.7449
35.4337
31.8112
121.985
5.78061
45.0255
17.0561
167.73
16.1786
25.4337
45.5255
130.939
35.699
7.43878
62.5051
62.0765
26.949
3.08163
23.9337
42.1939
5.67857
9.97959
32.4541
84.0255
2.17857
27.3827
