181.474
57.0255
7.03061
7.35714
40
8.34694
2.22959
1.83163
9.62245
8.30612
2.54082
0.969388
18.8112
46.8776
10.7959
2.42347
16.0306
88.6582
12.9082
2.68878
22.6276
88.4184
8.03571
4.62245
33.2908
56.3878
3.61735
4.7551
158.25
15.3827
6.84184
3.71939
34.6276
1.63776
2.30612
0.867347
9.2449
10.9184
3.9898
1.31633
12.2041
44.0561
11.5102
3.20918
6.42347
61.8214
10.7704
2.98469
7.06633
51.6122
4.71429
3.35204
13.5918
32.6939
2.69388
2.88776
168.337
12.9949
6.42347
2.85714
33.398
1.34694
2
0.653061
4.84184
7.86735
2.64286
1.14796
4.28571
19.7347
5.40306
1.05612
1.68878
21.5204
3.07653
1.16327
1.91837
17.4133
0.994898
1.5
3.43367
11.6735
0.678571
1.0102
172.056
10.6327
4.11224
3.56633
31.9745
1.09694
1.23469
0.979592
3.38265
2.61224
1.29592
0.566327
4.81633
7.2449
1.43367
2.62755
3.40816
8.46429
0.688776
3.61224
0.530612
6.12755
0.280612
1.36735
1.38265
7.86735
1.18367
0.362245
170.077
10.352
2.07653
5.72959
33.8214
1.85714
1.12755
1.71429
6.14286
2.88776
0.959184
1.67347
17.3163
19.352
0.857143
13.0561
12.9541
33.8827
1.14286
18.2959
2.72449
33.6786
1.72959
8.07143
8.17857
43.2092
5.35714
3.87755
158.056
11.8622
1.54082
8.86735
37.1224
2.14796
1.20408
3.65816
7.23469
2.42347
0.352041
2.12245
19.2398
20.2653
0.295918
14.9949
18.301
47.5153
1.27551
24.0102
9.25
57.9286
2.28061
14.5612
24.2245
74.602
6.84694
8.13265
176.408
61.3163
5.4949
17.4031
56.7347
16.4235
3.83163
5.21429
7.17857
1.9949
0.530612
1.15306
10.2143
11.648
0.209184
6.14286
16.9898
40.6173
0.494898
12.6939
15.3878
73.2551
0.903061
13.4031
49.2347
122.265
6.75
11.8622
