32.6327
15.602
0.760204
4.96429
60.7908
17.7449
2.81633
9.21939
47.4337
12.7194
3.93367
5.80102
40.0612
10.301
7.67857
1.89796
107.607
23.7959
18.3061
8.03571
54.4388
22.3265
8.57143
9.38776
3.15306
5.44388
0.306122
3.51531
31.352
9.79592
1.39286
7.15306
63.3776
12.801
4.76531
12.1378
47.4031
30.2551
13.5969
8.33673
26.8112
47.2296
28.3673
3.36735
51.2143
51.5612
30.3367
10.0714
25.8163
65.4745
9.37755
33.1684
17.3571
31.5204
0.668367
37.4031
25.5102
12.551
11.5255
4.81122
50.1735
25.3622
21.3316
9.22449
40.4796
44.9337
28.898
8.28061
46.9388
48.7704
37.4184
5.40306
60.352
31.2908
31.148
5.16837
18.4184
36.0408
6.46429
24.4235
85.3673
32.9745
1.12755
69.0204
47.7092
27.7143
40.1837
1.83163
40.9031
33.2704
32.1173
9.52551
59.1786
27.0357
16.7449
16.2143
73.5306
17.148
32.3929
5.77551
57.8112
3.92347
23.5408
0.979592
11.5408
1.95408
2.16327
3.95408
160.99
8.60204
6.46939
33.398
109.5
33.2347
40.6633
4.85714
42.3827
22.449
19.0153
10.1122
60.5867
21.9388
13.8673
18.75
64.4643
16.7296
26.8622
9.4949
32.0204
2.97449
13.1122
3.0051
9.46429
0.55102
3.88265
0.336735
164.923
6.88265
30.1429
4.87755
121.908
42.9949
14.449
24.5663
30.2347
35.4184
20.3061
8.40816
41.9949
29.4184
27.0408
6.71939
45.7806
21.8316
15.3061
12.0714
20.3776
6.41327
4.93367
6.4898
20.9643
2.17347
17.2704
0.336735
117.337
13.1276
55.4745
0.428571
74.1327
81.3418
6.58673
39.2755
22.6276
94.3622
28.0102
12.5306
25.5969
51.6684
31.6735
4.16327
28.6173
26.9082
9.95408
9.78571
26.2143
13.5714
9.43878
5.62245
62.1888
20.0153
47.852
1.55612
82.0918
24.6837
57.9745
1.12755
