0.438776
6.79592
0.709184
0.168367
0.112245
8.44898
1.08163
0
7.77551
16.8265
2.4949
0.903061
72.1888
36.5102
5.46429
9.95918
104.816
48.8163
6.53571
17.6173
34.3571
53.2245
6.43367
7.11735
20.898
90.7449
11.1224
4.69388
6.94898
86.3622
10.3316
2.34694
0.341837
78.0204
14.2551
0.229592
2.2551
94.4694
15.7653
0.540816
26.7296
82.0714
15.3265
5.61735
52.4949
49.0765
13.1735
11.3061
25.2143
79.3571
13.5
4.70408
18.852
130.949
15.5153
4.32653
12.6888
135.444
19.4643
5.01531
1.95918
90.6071
21.3673
0.484694
2.7602
97.1173
20.5357
1.03571
23.1122
86.9133
15.2908
8.13265
69.6888
39.5051
11.0663
11.3214
42.9694
30.9745
6.43878
3.52551
9.0102
40.301
3.86735
0.841837
7.21429
30.0918
6.11735
1.55612
21.2245
22.801
19.4388
1.47449
24.551
60.3316
34.4847
3.2551
28.6378
77.7194
17.9541
13.0969
70.8469
30.3316
7.41837
15.3622
48.7449
8.21939
1.81122
6.2551
9.90816
4.16327
0.153061
1.36735
8.83163
2.08673
1.41327
1.63776
46.3163
13.7551
11.9745
13.0663
48.9439
45.2857
19.0969
20.3163
34.3673
53.6837
14.8571
13.3367
66.8214
24.2092
10.7194
10.5153
51.2704
8.60714
2.79592
6.28571
17.5306
5.45918
0.571429
1.5102
3.26531
1.06122
0.107143
1.30102
16.9286
13.5255
1.25
14.2041
18.5204
58.8673
4.7449
26.0408
22.398
79.5051
16.9133
13.1429
57.3571
33.9592
19.5765
6.35204
50.2449
10.7908
7.72959
2.81633
18.5204
6.09694
1.54082
0.841837
0.5
1.61224
0.127551
0.30102
2.39796
14.3724
2.51531
2.58163
8.05102
51.8622
15.5051
5.57143
33.4235
83.9898
43.9133
4.87755
64.449
58.852
47.2806
2.76531
36.898
22.102
15.2755
0.744898
10.8265
8.23469
2.56633
0.229592
