3.57143
25.3214
1.71429
0.576531
23.5306
23.449
6.19898
1.58673
102.413
36.6224
19.5867
7.92857
82.3061
47.5663
21.5816
7.93367
22.5663
34.6224
11.801
2.70408
6.79082
13.0816
3.11735
1.19388
1.37755
4.03061
0.806122
0.520408
12.0357
106.281
6.92347
3.68878
18.9592
72.6378
13.1684
3.5102
50.6684
44.7959
25.3827
5.71429
32.3929
60.7194
24.3469
4.21429
10.449
52.4337
15.8265
1.93367
5.56633
23.8724
6.80102
1.60714
3.78571
14.3622
2.7449
1.34184
14.1786
92.699
7.05102
3.87755
39.1888
57.2347
13.6582
3.85714
68.9745
28.1735
22.4235
3.93878
24.5561
30.5051
15.9898
1.15306
5.81633
47.7755
14.4541
1.16837
3.33673
57.8469
13.7959
2.06122
9.58163
49.5867
7.09184
4.45408
13.5612
16.8622
2.91837
0.647959
62.1582
14.4031
14.0816
1.11224
81.4337
6.54082
18.0969
1.05102
24.4439
16.5153
9.08673
1.01531
8.22959
60.5663
16.7551
3.16327
3.31633
81.3367
14.3061
4.73469
10.6378
63.5612
6.7602
6.66327
28.199
10.2602
5.4898
0.0816327
71.9592
11.7806
16.6429
0.494898
65.8878
4.86224
13.7143
0.668367
14.0714
10.9541
4.62755
1.64286
6.22449
28.5153
5.83163
4.85714
2.47959
31.9184
3.84184
4.95408
3.72449
30.9286
2.95918
3.35714
50.3418
20.648
9.30612
0.295918
71.0204
10.6837
13.0918
1.05102
49.9898
3.57653
7.05612
1.63265
13.6633
7.97959
1.98469
5.21939
14.949
32.3776
1.9898
20.0102
6.52041
47.6786
2.46429
18.4184
9.52551
64.1378
7.06633
9.31122
85.3673
65.2704
10.301
3.4898
82.2755
32.0714
9.56122
3.35714
52.3469
12.75
4.97449
3.40816
15.6837
7.85204
1.29592
5.92347
15.3112
38.8673
0.704082
24.7602
10.7755
92.1122
2.70918
31.0969
38.3776
159.464
14.5051
22.3878
