3.10204
2.93367
0.188776
0.5
41.9082
13.6122
2.07143
6.79592
122.719
25.949
4.5051
16.9388
72.3316
10.1378
3.82143
7.96429
16.2908
8.86224
15.6939
1.71429
33.5561
20.5561
19.4235
5.31122
24.6378
13.7041
5.5051
3.05102
7.02041
29.8163
7.27041
1.68878
28.0561
30.4439
10.1684
3.42347
87.1939
16.2653
8.92857
6.95918
64.8061
6.71429
17.852
4.16837
36.5051
19.5153
44.3061
3.35714
68.699
20.5459
30.1071
8.20918
41.9337
8.02551
8.16327
2.7551
29.7041
78.5153
25.2857
6.30102
38.0765
48.1276
21.602
6.45918
74.7041
20.7653
17.7398
7.79082
62.7653
17.0102
42.6684
5.40306
53.7959
18.6429
49.2704
3.07653
104.046
8.77041
19.8929
5.14796
47.2347
2.68367
5.81122
1.48469
48.4745
50.5816
23.0765
5.93878
58.4745
24.6429
24.8418
5.56122
62.2704
19.3776
27.3469
6.48469
53.0357
13.8469
39.8163
3.47449
48.2245
5.44388
18.949
2.35204
112.582
1.71939
7.92347
5.95918
44.6582
1.65306
3.29082
2.36735
56.1684
17.4133
21.2296
2.82143
50.7551
23.6173
29.8316
4.5
59.9184
21.6429
26.4235
5.77041
54.6684
4.47959
12.9643
2.78571
36.6582
0.602041
2.96939
3.56633
102.699
2.35204
3.16327
16.6224
46.0153
7.0051
4.40306
10.9541
64.0204
26.8827
32.148
2.87755
42.699
21.2347
28.5867
3.21429
81.2092
12.4847
12.699
5.69898
64.3316
1.60204
2.71939
3.22449
21.9184
0.428571
0.265306
3.88776
66.0918
6.72959
1.64796
29.8367
49.3061
34.9184
7.52551
34.648
65.5306
50.4949
25.9847
5.17347
50.4898
23.0561
16.4643
5.21429
110.194
26.0561
8.39286
10.8776
82.9439
14.3367
3.98469
5.41837
13.6582
1.2602
0.229592
2.32143
27.7041
13.7347
0.714286
26.102
59.3163
107.015
13.9337
60.5714
