40.5204
119.648
9.34184
4.65306
27.2143
92.2245
15.1531
3.87755
69.6888
61.4286
22.1531
6.2602
58.5306
18.0255
12.4796
3.21939
40.4439
9.27041
2.89286
3.77041
59.0765
23.2806
3.45918
11.9286
25.6684
15.9337
1.03061
9.92857
25.5255
87.3469
13.9082
4.68878
39.1173
48.4031
20.4592
3.90816
69.1531
16.3622
25.4439
3.89796
28.7041
1.36735
10.7755
0.581633
40.5612
3.17347
4.54592
2.79082
68.4082
17.1327
6.86735
16.398
37.5867
30.6429
2.60714
28.0714
19.0561
37.0408
9.43367
1.55102
62.3673
16.9184
21.1786
1.07653
73.3214
5.21429
24.4592
0.892857
17.1122
0.510204
6.16837
0.0867347
52.801
2.39286
11.4694
1.31633
80.8929
14.9592
16.6276
15.3163
47.6429
44.2551
4.41327
43.9643
28.5918
10.4745
5.09694
0.214286
82.9286
7.20918
18.5153
0.234694
61.7194
2.2551
14.5918
0.158163
14.2296
0.923469
6
0
66.6071
2.92347
25.1684
0.382653
73.9643
8.12245
21.8929
7.28571
39.7908
33.8214
3.4898
34.4898
44.4184
6.54082
4.56122
0.714286
94.4745
4.76531
11.1071
1.91837
52.3724
1.34694
7.72959
1.08163
22.8929
1.84184
17.2857
0.0102041
71.4796
3.06122
40.3214
0.127551
43.3724
2.4949
18.4031
1.96429
19.7704
16.7092
1.85714
12.6837
47.9133
5.47959
1.82143
3.11224
89.699
6.41327
3.94388
11.1684
52.2908
6.26531
11.1786
8.15306
36.2041
5.91327
39.7296
0.602041
53.6122
3.10204
44.6837
0.0306122
15.4337
0.658163
8.97959
0.510204
6.44898
4.46939
0.852041
1.68878
35.6633
15.4031
0.372449
7.91837
68.5204
47.0714
4.59184
31.9796
55.4031
96.5306
28.7398
33.9184
46.2959
63.8316
62.5459
4.45918
31.7704
7.98469
32.1071
0.00510204
3.09694
0.438776
2.11224
0.0561224
0.969388
1.37755
0.183673
0.163265
