82.2092
74.3724
4.31633
5.80612
32.0663
19.3776
1.81633
2.44388
6.86224
2.96429
0.30102
0.290816
12.8112
8.25
0.454082
2.0051
50.3265
43.9133
1.11224
11.4235
62.9745
78.1276
0.943878
17.8112
85.6531
73
0.357143
18.7245
120.893
40.4133
4.87245
5.78061
46.4694
9.87755
2.15816
2.51531
6.64796
2.03061
0.489796
0.331633
1.94898
0.933673
0.0612245
0.464286
18.449
7.79592
0.0204082
3.34694
49.1276
20.8571
0.214286
7.62755
109.418
30.301
0.52551
15.7755
121.73
35.6888
3.97449
6.39286
47.5561
13.1837
2.31122
3.4898
7.30102
2.69898
0.795918
0.581633
0.806122
0.19898
0.0510204
0.147959
10.6837
2.39796
0.0918367
0.55102
48.5
10.3265
0.581633
2.54082
135.378
14.0714
3.25
9.38265
70.5816
51.6378
2.71429
8.42347
28.2908
20.7347
2.4898
3.98469
4.46429
3.28571
0.612245
0.607143
0.734694
0.387755
0.209184
0.0867347
9.85714
3.37755
1.16837
0.0969388
47.949
13.0867
3.5051
0.755102
133.52
15.2551
10.6633
3.52041
16.4133
27.2551
1.04082
3.96429
6.89796
11.4796
1.33673
1.85714
1.63265
2.58163
0.877551
0.285714
1.91327
2.81633
2.28571
0.00510204
17.301
13.4592
7.30102
0.0204082
44.5918
28.0051
11.4949
0.22449
101.526
31.5357
18.2041
0.969388
1.07143
4.83673
0.204082
0.295918
0.785714
4.52551
0.979592
0.209184
1.82653
6.39796
3.91327
0.0153061
7.71939
15.7398
11.7959
0
27.9082
33.2908
21.4235
0
32.0051
39.8622
18.2755
0
55.3316
42.8214
15.0306
0.0510204
5.35204
15.8112
1.4949
0.219388
7.7602
29.5612
6.5051
0.397959
16.4439
61.5153
20.852
0.872449
27.699
85.0561
41.199
0.607143
34.5765
73.5204
38.9286
0.229592
21.6224
47.4235
17.9745
0.132653
19.6173
25.8112
6.86735
0
